600000	浦发银行	9.84	9.76
600004	白云机场	7.89	7.81
600005	武钢股份	4.15	4.13
600006	东风汽车	4.38	4.35
600007	中国国贸	9.08	9
600008	首创股份	5.66	5.63
600009	上海机场	12.8	12.8
600010	包钢股份	8.35	7.94
600011	华能国际	5.28	5.23
600012	皖通高速	5.28	5.24
600015	华夏银行	10.87	10.76
600016	民生银行	5.73	5.72
600017	日照港	4.16	4.14
600018	上港集团	3.9	3.88
600019	宝钢股份	6.03	5.93
600020	中原高速	3.32	3.29
600021	上海电力	5.76	5.76
600022	济南钢铁	4.77	4.73
600026	中海发展	8.44	8.36
600027	华电国际	3.32	3.31
600028	中国石化	8.23	8.14
600029	南方航空	7.84	7.74
600030	中信证券	13.08	12.88
600031	三一重工	18.04	17.85
600033	福建高速	3.24	3.23
600035	楚天高速	4.7	4.7
600036	招商银行	13.02	12.92
600037	歌华有线	10.19	9.94
600038	哈飞股份	26.77	26.4
600039	四川路桥	9.52	9.37
600048	保利地产	10.99	10.59
600050	中国联通	5.25	5.19
600051	宁波联合	14.14	13.79
600052	浙江广厦	4.43	4.4
600053	中江地产	8.14	8.06
600054	黄山旅游	16.62	16.37
600055	万东医疗	13.35	13.31
600056	中国医药	25.76	24.31
600058	五矿发展	34.28	33.91
600059	古越龙山	10.48	10.32
600060	海信电器	13.42	13.16
600061	中纺投资	10.56	10.42
600062	双鹤药业	24.79	24.67
600063	皖维高新	11.75	11.54
600064	南京高科	13.85	13.57
600066	宇通客车	23.14	22.84
600067	冠城大通	9.3	9.05
600068	葛洲坝	11.99	11.78
600069	银鸽投资	9.62	9.5
600070	浙江富润	10.3	10.15
600071	凤凰光学	10.81	10.74
600072	中船股份	26	26.08
600073	上海梅林	10.91	10.8
600074	*ST中达	5.07	4.83
600075	新疆天业	11.77	11.68
600076	ST华光	6.14	5.98
600077	ST百科	9.17	9.02
600078	澄星股份	10.23	10.12
600079	人福医药	22.06	21.73
600080	*ST金花	7.16	6.98
600081	东风科技	10.34	10.11
600082	海泰发展	5.56	5.45
600083	*ST博信	7.58	7.48
600084	*ST中葡	8.1	8.07
600085	同仁堂	35.66	35.43
600086	东方金钰	19.72	19.48
600087	长航油运	2.91	2.93
600088	中视传媒	12.2	12.06
600089	特变电工	12.94	12.75
600090	啤酒花	12.67	12.17
600091	*ST明科	6.51	6.24
600093	禾嘉股份	6.46	6.35
600095	哈高科	9.74	9.56
600096	云天化	19.89	19.6
600097	开创国际	13.78	13.65
600098	广州控股	6.79	6.79
600099	林海股份	9.83	9.91
600100	同方股份	10.46	10.39
600101	明星电力	16.67	16.4
600102	莱钢股份	9.48	9.42
600103	青山纸业	4.17	4.12
600104	上海汽车	18.74	18.7
600105	永鼎股份	11.8	11.71
600106	重庆路桥	9	8.95
600107	美尔雅	14.92	14.76
600108	亚盛集团	6.07	6
600109	国金证券	14.55	14.38
600110	中科英华	6.42	6.34
600111	包钢稀土	71.43	70.91
600112	长征电气	21.74	21.57
600113	浙江东日	7.97	7.87
600114	东睦股份	15.27	15.23
600115	东方航空	5.2	5.22
600116	三峡水利	17.39	17.29
600117	西宁特钢	10.27	10.26
600118	中国卫星	22.41	22.18
600119	长江投资	7.72	7.53
600120	浙江东方	8.61	8.48
600121	郑州煤电	10.53	10.3
600122	宏图高科	6.27	6.17
600123	兰花科创	41.78	40.83
600125	铁龙物流	10.54	10.11
600126	杭钢股份	5.36	5.25
600127	金健米业	7.94	7.86
600128	弘业股份	16.32	16.03
600129	太极集团	8.54	8.48
600130	ST波导	4.53	4.5
600131	岷江水电	9.56	9.61
600132	重庆啤酒	57.4	57.26
600133	东湖高新	8.79	8.79
600135	乐凯胶片	15.65	15.46
600136	道博股份	10.84	10.69
600137	浪莎股份	16.28	16.19
600138	中青旅	13.2	12.7
600139	西部资源	24.12	23.7
600141	兴发集团	20.86	20.63
600143	金发科技	16.46	16
600145	*ST四维	8.4	8.2
600146	大元股份	22.45	22.07
600148	长春一东	13.19	13.04
600149	*ST建通	6.45	6.46
600150	中国船舶	73.99	73.31
600151	航天机电	11.53	11.12
600152	维科精华	13.53	12.42
600153	建发股份	8.9	8.52
600155	*ST宝硕	6.43	6.12
600156	华升股份	6.79	6.81
600157	永泰能源	16.53	16.21
600158	中体产业	6.3	6.27
600159	大龙地产	4.36	4.33
600160	巨化股份	32.46	31.32
600161	天坛生物	16.95	16.72
600162	香江控股	5.07	4.94
600163	福建南纸	4.81	4.75
600165	宁夏恒力	9.25	9.18
600166	福田汽车	8.68	8.55
600167	联美控股	14.22	14.12
600168	武汉控股	8.21	8.19
600169	太原重工	10.15	10.08
600170	上海建工	15.59	15.59
600171	上海贝岭	7.15	7.06
600172	黄河旋风	15.9	15.07
600173	卧龙地产	5.41	5.38
600175	美都控股	4.15	4.13
600176	中国玻纤	30.22	29.85
600177	雅戈尔	9.87	9.48
600178	东安动力	9.79	9.68
600179	ST黑化	10.98	11.02
600180	*ST九发	8.78	8.74
600182	S佳通	9.36	9.3
600183	生益科技	9.18	9.03
600184	光电股份	35.34	34.84
600185	格力地产	8.69	8.31
600186	莲花味精	5.33	5.28
600187	国中水务	13.15	13.01
600188	兖州煤业	35.3	34.23
600189	吉林森工	9.44	9.29
600190	锦州港	4.38	4.35
600191	华资实业	7.05	6.85
600192	长城电工	8.43	8.19
600193	创兴资源	13.82	13.65
600195	中牧股份	22.75	22.69
600196	复星医药	10.88	10.39
600197	伊力特	12.6	12.54
600198	大唐电信	14.21	13.88
600199	金种子酒	16.74	16.66
600200	江苏吴中	12.37	12.2
600201	金宇集团	13.7	13.37
600202	哈空调	9	8.88
600203	*ST福日	7.39	7.39
600206	有研硅股	15.86	15.81
600207	ST安彩	7.47	7.47
600208	新湖中宝	6.23	6.07
600209	*ST罗顿	6.45	6.41
600210	紫江企业	6	5.93
600211	西藏药业	14.97	14.89
600212	江泉实业	5.1	5.04
600213	亚星客车	12.26	11.82
600215	长春经开	6.17	6.13
600216	浙江医药	31.39	31.39
600217	*ST秦岭	6.83	6.79
600218	全柴动力	15.98	15.76
600219	南山铝业	9.41	9.26
600220	江苏阳光	5.04	5
600221	海南航空	7.14	7.05
600222	太龙药业	6.22	6.15
600223	鲁商置业	8.2	8.09
600225	天津松江	7.35	7.18
600226	升华拜克	9.37	9.25
600227	赤天化	6.32	6.3
600228	*ST昌九	8.96	8.97
600229	青岛碱业	9.98	9.91
600230	沧州大化	12.17	12.03
600231	凌钢股份	9.12	9.07
600232	金鹰股份	6.43	6.38
600233	大杨创世	17.17	17.19
600234	ST天龙	6.13	6.15
600235	民丰特纸	8	7.94
600236	桂冠电力	5.53	5.4
600237	铜峰电子	8	7.78
600238	海南椰岛	10.5	10.25
600239	云南城投	12.86	12.4
600240	华业地产	10.65	10.35
600241	时代万恒	13.01	13.18
600242	中昌海运	8.7	8.6
600243	青海华鼎	9.58	9.54
600246	万通地产	5	4.92
600247	成城股份	6.52	6.43
600248	延长化建	10.42	10.3
600249	两面针	7.22	7.16
600250	南纺股份	8.45	8.33
600251	冠农股份	33.16	32.88
600252	中恒集团	18.61	18.5
600253	天方药业	7.71	7.6
600255	鑫科材料	10.29	10.2
600256	广汇股份	23.78	23.51
600257	大湖股份	8.26	8.26
600258	首旅股份	17.71	17.52
600259	广晟有色	72.92	72.33
600260	凯乐科技	6.8	6.71
600261	阳光照明	18.73	18.71
600262	北方股份	20.49	20.31
600263	路桥建设	14.7	14.71
600265	景谷林业	10.64	10.57
600266	北京城建	15.05	14.69
600267	海正药业	37.34	36.59
600268	国电南自	12.8	12.72
600269	赣粤高速	4.71	4.67
600270	外运发展	8.29	8.16
600271	航天信息	25.84	25.46
600272	开开实业	11.59	11.37
600273	华芳纺织	9.13	9.05
600275	ST昌鱼	4.78	4.74
600276	恒瑞医药	29.97	29.62
600277	亿利能源	14.32	13.55
600278	东方创业	10.4	10.44
600279	重庆港九	10.18	10.05
600280	南京中商	26.96	25.15
600281	*ST太化	9.59	9.55
600282	南钢股份	4.01	3.97
600283	钱江水利	15.51	15.17
600284	浦东建设	16.37	16.18
600285	羚锐制药	12.95	12.72
600287	江苏舜天	9.23	9.28
600288	大恒科技	10.13	10.13
600289	亿阳信通	8.94	8.81
600290	华仪电气	14.42	14.37
600291	西水股份	12.46	12.28
600292	九龙电力	15.5	15.11
600293	三峡新材	13.11	13.1
600295	鄂尔多斯	19.29	18.61
600297	美罗药业	9.35	9.36
600298	安琪酵母	33.2	33.23
600299	*ST新材	12.72	12.69
600300	维维股份	5.15	5.11
600301	*ST南化	7.15	7.04
600302	标准股份	7.82	7.62
600303	曙光股份	8.55	8.44
600305	恒顺醋业	14.29	14.27
600306	商业城	17.58	17.83
600307	酒钢宏兴	5.48	5.43
600308	华泰股份	10.03	9.95
600309	烟台万华	18.71	18.23
600310	桂东电力	18.64	18.16
600311	荣华实业	13.49	13.26
600312	平高电气	10.15	10.04
600315	上海家化	36.88	36.88
600316	洪都航空	32.23	31.73
600317	营口港	5.8	5.78
600318	巢东股份	19.89	19.83
600319	亚星化学	9	8.62
600320	振华重工	6.65	6.63
600321	国栋建设	6.82	6.71
600322	天房发展	5.31	5.26
600323	南海发展	13.88	13.67
600325	华发股份	11.22	10.82
600326	西藏天路	14.44	14.39
600327	大东方	9.36	9.23
600328	兰太实业	11.3	11.3
600329	中新药业	12.09	11.97
600330	天通股份	12.53	12.39
600331	宏达股份	13.31	13.23
600332	广州药业	15.73	15.61
600333	长春燃气	9.53	9.38
600335	*ST盛工	15.3	15.14
600336	澳柯玛	7.4	7.28
600337	美克股份	11.49	11.59
600338	ST珠峰	14.34	14.34
600339	天利高新	12.16	12.09
600340	ST国祥	10.36	9.87
600343	航天动力	20.55	20.46
600345	长江通信	13.53	13.37
600346	大橡塑	12.09	11.79
600348	国阳新能	24.14	23.73
600350	山东高速	4.14	4.11
600351	亚宝药业	7.77	7.74
600352	浙江龙盛	9.58	9.39
600353	旭光股份	19.02	18.43
600354	敦煌种业	24.42	23.26
600355	ST精伦	6.46	6.27
600356	恒丰纸业	8.48	8.33
600358	国旅联合	5.35	5.3
600359	新农开发	13.5	13.37
600360	华微电子	6.17	6.08
600361	华联综超	8.78	8.67
600362	江西铜业	35.44	34.23
600363	联创光电	11.7	11.7
600365	*ST通葡	11.62	11.73
600366	宁波韵升	15.66	15.31
600367	红星发展	17.96	17.67
600368	五洲交通	7.54	7.58
600369	西南证券	11.87	11.87
600370	三房巷	6.58	6.48
600371	万向德农	12.48	12.36
600372	中航电子	41.97	41.88
600373	中文传媒	14.37	14.16
600375	星马汽车	21.13	21.01
600376	首开股份	13.21	12.93
600377	宁沪高速	5.41	5.34
600378	天科股份	12.72	12.65
600379	宝光股份	12.16	12.07
600380	健康元	9.21	9.12
600381	ST贤成	9.52	9.46
600382	广东明珠	10.12	9.2
600383	金地集团	6.41	6.25
600385	ST金泰	5.92	5.89
600386	北巴传媒	8.82	8.88
600387	海越股份	13.26	12.8
600388	龙净环保	27.33	26.91
600389	江山股份	10.69	10.54
600390	金瑞科技	18.19	17.96
600391	成发科技	23.45	23.29
600392	太工天成	24.41	24.21
600393	东华实业	7.33	7.05
600395	盘江股份	33.19	32.74
600396	金山股份	8.36	8.18
600397	安源股份	16.55	16.19
600398	凯诺科技	5.39	5.35
600399	抚顺特钢	7.14	6.91
600400	红豆股份	6.81	6.88
600403	大有能源	31.32	31.18
600405	动力源	9.69	9.53
600406	国电南瑞	36.3	36.12
600408	安泰集团	7.3	7.06
600409	三友化工	11.6	10.9
600410	华胜天成	14.96	14.4
600415	小商品城	12.29	12.07
600416	湘电股份	12.11	11.82
600418	江淮汽车	11.11	11.02
600419	ST天宏	11.55	11.5
600420	现代制药	13.56	13.31
600421	ST国药	6.19	6.16
600422	昆明制药	11.37	11.25
600423	柳化股份	8.88	8.82
600425	青松建化	20.82	20.65
600426	华鲁恒升	16.9	16.81
600428	中远航运	7.22	7.21
600429	三元股份	7.68	7.6
600432	吉恩镍业	22.28	21.96
600433	冠豪高新	9.5	9.41
600435	中兵光电	12.44	12.32
600436	片仔癀	62.9	62.44
600438	通威股份	7.78	7.67
600439	瑞贝卡	11.06	10.8
600444	*ST国通	13.21	13.13
600446	金证股份	12.3	12.17
600448	华纺股份	6.31	6.25
600449	赛马实业	34.91	34.43
600452	涪陵电力	12.58	12.53
600456	宝钛股份	28.86	27.32
600458	时代新材	19.24	19.05
600459	贵研铂业	24.03	23.31
600460	士兰微	16.99	16.7
600461	洪城水业	10.48	10.39
600462	*ST石岘	6.16	6.16
600463	空港股份	7.17	7.04
600466	迪康药业	11.5	11.47
600467	好当家	11.9	11.77
600468	百利电气	27.21	27.2
600469	风神股份	12.03	11.71
600470	六国化工	10	9.92
600475	华光股份	18.99	18.65
600476	湘邮科技	12.46	12.22
600477	杭萧钢构	8.72	8.56
600478	科力远	21.02	20.97
600479	千金药业	12.2	12.05
600480	凌云股份	13.65	13.3
600481	双良节能	14.46	14.36
600482	风帆股份	15.22	14.85
600483	福建南纺	7.97	7.9
600485	中创信测	15.29	15.11
600486	扬农化工	21.74	21.5
600487	亨通光电	26.85	26.64
600488	天药股份	8.02	7.89
600489	中金黄金	27.29	26.78
600490	*ST合臣	24.18	23.81
600491	龙元建设	6.54	6.36
600493	凤竹纺织	7.8	7.89
600495	晋西车轴	16.82	16.65
600496	精工钢构	12.59	12.23
600497	驰宏锌锗	22.05	21.53
600498	烽火通信	25.98	25.37
600499	科达机电	16.01	16
600500	中化国际	9.99	9.82
600501	航天晨光	12.87	12.78
600502	安徽水利	15.91	14.96
600503	华丽家族	20.07	19.78
600505	西昌电力	12.11	11.84
600506	ST香梨	12.2	12.11
600507	方大特钢	6.06	5.89
600508	上海能源	24.37	23.83
600509	天富热电	10.75	10.62
600510	黑牡丹	9.78	9.54
600511	国药股份	15.18	15.03
600512	腾达建设	4.91	4.98
600513	联环药业	15.59	15.44
600515	ST筑信	7.15	7.03
600516	方大炭素	13.13	12.8
600517	置信电气	12.07	11.73
600518	康美药业	13.16	13.13
600519	贵州茅台	212.63	210.94
600520	中发科技	11.62	11.48
600521	华海药业	14.18	14.14
600522	中天科技	23.64	23.65
600523	贵航股份	19.05	19
600525	长园集团	8.33	8.22
600526	菲达环保	13.06	12.86
600527	江南高纤	9.74	9.6
600528	中铁二局	8.69	8.67
600529	山东药玻	13.05	12.92
600530	交大昂立	9.71	9.55
600531	豫光金铅	24.79	24.01
600532	华阳科技	14.31	13.93
600533	栖霞建设	5.11	5.06
600535	天士力	41.13	40.45
600536	中国软件	19.58	19.46
600537	海通集团	36.62	35.29
600538	*ST国发	6.7	6.64
600539	ST狮头	13.54	14.25
600540	新赛股份	9.45	9.33
600543	莫高股份	10.55	10.32
600545	新疆城建	9.18	9.19
600546	山煤国际	31.19	29.85
600547	山东黄金	44.84	44.84
600548	深高速	4.52	4.48
600549	厦门钨业	41.43	41.05
600550	天威保变	18.01	17.76
600551	时代出版	11.76	11.7
600552	方兴科技	24.03	23.71
600555	九龙山	4.98	4.92
600557	康缘药业	14.01	13.7
600558	大西洋	14.2	14.03
600559	老白干酒	28.23	27.93
600560	金自天正	12.37	12.18
600561	江西长运	11.38	11.21
600562	*ST高陶	35.13	34.71
600563	法拉电子	22.32	22.05
600565	迪马股份	4.88	4.89
600566	洪城股份	10.76	10.76
600567	山鹰纸业	4.92	4.84
600568	中珠控股	14.31	13.99
600569	安阳钢铁	3.7	3.66
600570	恒生电子	14.84	14.16
600571	信雅达	11.83	11.78
600572	康恩贝	14.14	14.11
600573	惠泉啤酒	9.66	9.57
600575	芜湖港	9.18	9
600576	万好万家	14.37	14.27
600577	精达股份	10.39	10.16
600578	京能热电	9.71	9.52
600579	ST黄海	9.07	9.06
600580	卧龙电气	8.22	8.23
600581	八一钢铁	14.65	14.65
600582	天地科技	22.14	21.87
600583	海油工程	6.42	6.38
600584	长电科技	8.26	8.04
600585	海螺水泥	27.76	27.13
600586	金晶科技	8.24	8.14
600587	新华医疗	32.33	32.01
600588	用友软件	20.66	20.47
600589	广东榕泰	9.41	9.33
600590	泰豪科技	10.36	10.54
600592	龙溪股份	11.35	11.28
600593	大连圣亚	14.38	14.03
600594	益佰制药	18.39	18.15
600595	中孚实业	10.04	9.9
600596	新安股份	10.52	10.39
600597	光明乳业	7.93	7.88
600598	北大荒	14	13.87
600599	熊猫烟花	14.27	13.97
600600	青岛啤酒	34.14	33.79
600601	方正科技	3.58	3.51
600602	广电电子	6.59	6.5
600603	ST兴  业	8.28	8.24
600604	*ST二纺	6.23	6.21
600605	汇通能源	12.47	12.25
600606	金丰投资	6.43	6.3
600608	*ST沪科	6.47	6.47
600609	ST金杯	4.71	4.67
600610	SST中纺	17.76	17.66
600611	大众交通	6.86	6.76
600612	老凤祥	34.27	33.11
600613	永生投资	12.02	11.87
600614	鼎立股份	15.48	15.35
600615	丰华股份	9.69	9.65
600616	金枫酒业	11.12	10.97
600617	*ST联华	12.26	12.23
600618	氯碱化工	16.03	15.93
600619	海立股份	11.63	11.53
600620	天宸股份	5.58	5.48
600621	上海金陵	6.89	6.85
600622	嘉宝集团	8.31	8.18
600623	双钱股份	15.18	15.17
600624	复旦复华	8.03	7.93
600626	申达股份	5.11	5.11
600628	新世界	9.91	9.79
600629	棱光实业	12.44	12.29
600630	龙头股份	7.56	7.5
600631	百联股份	14.88	14.83
600635	大众公用	5.9	5.85
600636	三爱富	35.53	35.21
600637	广电信息	12.45	12.28
600638	新黄浦	9.95	9.75
600639	浦东金桥	9.63	9.53
600640	中卫国脉	12.1	12.11
600641	万业企业	9.1	8.83
600642	申能股份	5.07	5.02
600643	爱建股份	10.5	10.57
600644	乐山电力	14.46	14.11
600645	ST中源	20.15	20.15
600647	同达创业	12.53	12.46
600648	外高桥	13.69	13.55
600649	城投控股	8.12	8.06
600650	锦江投资	10.15	10.04
600651	飞乐音响	9.89	9.8
600652	爱使股份	7.7	7
600653	申华控股	3.41	3.35
600654	飞乐股份	6.77	6.7
600655	豫园商城	10.88	10.79
600656	ST方源	13.6	12.96
600657	信达地产	6.37	6.26
600658	电子城	10.15	10.11
600660	福耀玻璃	10.36	10.09
600661	新南洋	9.96	9.89
600662	强生控股	6.68	6.59
600663	陆家嘴	13.98	14.1
600664	哈药股份	15.7	15.5
600665	天地源	5.12	5.05
600666	西南药业	9.78	9.7
600667	太极实业	8.46	8.29
600668	尖峰集团	11.56	11.43
600671	*ST天目	11.01	11.01
600673	东阳光铝	16.01	15.05
600674	川投能源	14.34	14.27
600675	中华企业	6.8	6.76
600676	交运股份	6.43	6.34
600677	航天通信	11.8	11.56
600678	*ST金顶	5.9	5.87
600679	金山开发	10.61	10.47
600680	上海普天	10.51	10.4
600682	南京新百	10.52	10.51
600683	京投银泰	8.46	8.3
600684	珠江实业	14.22	14.01
600685	广船国际	30.04	29.59
600686	金龙汽车	8.58	8.58
600687	刚泰控股	14.15	14.15
600688	S上石化	8.85	8.83
600689	上海三毛	12.1	12.05
600690	青岛海尔	27.95	27.93
600691	*ST东碳	13.17	13.17
600692	亚通股份	8.44	8.35
600693	东百集团	8.64	8.54
600694	大商股份	38.23	38.11
600695	大江股份	8.67	8.54
600696	多伦股份	6.17	6.13
600697	欧亚集团	27.8	27.32
600698	*ST轻骑	5.14	5.14
600699	*ST得亨	10.19	10.02
600701	工大高新	5.58	5.56
600702	沱牌曲酒	20.66	20.34
600703	三安光电	16.4	16.08
600704	物产中大	17.68	16.92
600706	ST长信	14.57	14.5
600707	彩虹股份	12.44	12.35
600708	海博股份	6.84	6.78
600710	常林股份	10.82	10.7
600711	雄震矿业	23.79	23.62
600712	南宁百货	9.37	9.1
600713	南京医药	13.29	13.27
600714	金瑞矿业	21.49	21.53
600715	*ST松辽	8.25	8.13
600716	凤凰股份	6.85	6.67
600717	天津港	8.18	8.12
600718	东软集团	11.38	11.23
600719	大连热电	11.06	10.78
600720	祁连山	18.24	18.09
600721	百花村	23.58	23.04
600722	ST金化	7.04	7
600723	西单商场	12.55	12.37
600724	宁波富达	8.99	8.7
600725	云维股份	9.22	9.13
600726	华电能源	3.45	3.43
600728	ST新太	12.83	12.94
600729	重庆百货	43.22	42
600730	中国高科	8.96	8.88
600731	湖南海利	7.5	7.47
600732	上海新梅	8.22	7.47
600733	S前锋	18.53	18.53
600734	实达集团	5.69	5.75
600735	新华锦	11.06	10.94
600736	苏州高新	6.3	6.26
600737	中粮屯河	10.25	10.15
600738	兰州民百	9.17	8.95
600739	辽宁成大	27.8	27.38
600740	山西焦化	16.34	15.86
600741	华域汽车	11.13	10.99
600742	一汽富维	29.28	29.26
600743	华远地产	4.86	4.8
600744	华银电力	4.47	4.39
600745	中茵股份	8.88	8.75
600746	江苏索普	8.72	8.61
600747	大连控股	8.09	7.93
600748	上实发展	7.24	7.17
600749	西藏旅游	13.98	13.79
600750	江中药业	24.48	24.24
600751	SST天海	10.37	10.35
600753	东方银星	8.82	8.86
600754	锦江股份	17.41	17.29
600755	厦门国贸	8.05	7.93
600756	浪潮软件	13.92	13.86
600757	*ST源发	8.48	8.4
600758	红阳能源	12.67	12.49
600759	正和股份	5.31	5.25
600760	中航黑豹	12.87	12.8
600761	安徽合力	14.81	14.52
600763	通策医疗	16.73	16.75
600764	中电广通	9.09	8.93
600765	中航重机	15	14.75
600766	ST园城	8.9	8.48
600767	运盛实业	5.53	5.42
600768	宁波富邦	12.75	12.64
600769	ST祥龙	7.08	6.97
600770	综艺股份	18.92	18.88
600771	ST东盛	10.7	10.54
600773	西藏城投	23.6	24.15
600774	汉商集团	8.94	8.83
600775	南京熊猫	7.27	7.27
600776	东方通信	7.18	7.01
600777	新潮实业	5.63	5.63
600778	友好集团	12.26	12.01
600779	水井坊	22.42	22.41
600780	通宝能源	6.8	6.68
600781	上海辅仁	11.84	11.61
600782	新钢股份	7.01	6.96
600783	鲁信创投	25.36	23.52
600784	鲁银投资	16.59	15.85
600785	新华百货	26.68	26.38
600787	中储股份	10.44	9.7
600789	鲁抗医药	8.19	8.09
600790	轻纺城	8.03	7.88
600791	京能置业	5.93	5.83
600792	*ST马龙	14.8	14.86
600793	ST宜纸	10.99	10.93
600794	保税科技	12.87	12.87
600795	国电电力	2.96	2.95
600796	钱江生化	8.78	8.5
600797	浙大网新	7.36	7.19
600798	宁波海运	4.59	4.52
600800	ST磁卡	6.16	6.11
600801	华新水泥	25.6	25.35
600802	福建水泥	12.11	11.93
600803	威远生化	13.13	13.01
600804	鹏博士	7.89	7.84
600805	悦达投资	15	14.57
600806	昆明机床	11.56	11.5
600807	天业股份	10.27	10.18
600808	马钢股份	3.48	3.43
600809	山西汾酒	70.05	69.55
600810	神马股份	16.44	15.45
600811	东方集团	6.88	6.88
600812	华北制药	11.52	11.4
600814	杭州解百	7.42	7.32
600815	厦工股份	14.74	14.67
600816	安信信托	19.69	19.63
600818	中路股份	13.61	13.59
600819	耀皮玻璃	13.01	12.87
600820	隧道股份	10.67	10.53
600821	津劝业	6.74	6.49
600822	上海物贸	8.19	7.91
600823	世茂股份	14.63	14.23
600824	益民集团	6.07	6.02
600825	新华传媒	6.87	6.75
600826	兰生股份	10.36	10.26
600827	友谊股份	16.93	16.87
600828	成商集团	12.21	12.07
600829	三精制药	12.32	11.99
600830	香溢融通	9.72	9.59
600831	广电网络	10.68	10.43
600832	东方明珠	7.75	7.68
600833	第一医药	12.99	12.96
600834	申通地铁	9.77	9.64
600835	上海机电	11.83	11.65
600836	界龙实业	10.09	10.09
600837	海通证券	9.02	8.8
600838	上海九百	8.56	8.28
600839	四川长虹	3.34	3.31
600841	上柴股份	15.3	15.04
600843	上工申贝	12.09	11.88
600844	丹化科技	17.46	17.25
600845	宝信软件	17.25	17.43
600846	同济科技	6.08	6.01
600847	ST渝万里	11.1	10.84
600848	自仪股份	10.43	10.3
600850	华东电脑	17.9	17.68
600851	海欣股份	9.91	9.85
600853	龙建股份	4.3	4.28
600854	ST春兰	6.27	6.26
600855	航天长峰	11.47	11.45
600856	长百集团	6.23	6.17
600857	工大首创	10.02	9.97
600858	银座股份	20.44	20.25
600859	王府井	39.97	39.67
600860	ST北人	6.84	6.77
600861	北京城乡	9.77	9.73
600862	南通科技	12.75	12.75
600863	内蒙华电	8.86	8.53
600864	哈投股份	9.4	9.22
600865	百大集团	7.1	7.04
600866	星湖科技	10.32	10.22
600867	通化东宝	8.38	8.29
600868	ST梅雁	3.55	3.53
600869	三普药业	26.97	26.32
600870	ST厦华	5.65	5.59
600871	S仪化	9.37	9.32
600872	中炬高新	6.72	6.7
600873	梅花集团	13.04	13
600874	创业环保	6.06	5.99
600875	东方电气	25.5	25.4
600876	洛阳玻璃	11.16	10.9
600877	中国嘉陵	8.12	8.1
600879	航天电子	12.16	12.03
600880	博瑞传播	14.04	13.59
600881	亚泰集团	8.33	8.17
600882	大成股份	14.2	13.84
600883	博闻科技	11.62	11.53
600884	杉杉股份	18.27	17.91
600885	*ST力阳	7.11	7.02
600886	国投电力	7.25	7.26
600887	伊利股份	16.65	16.57
600888	新疆众和	24.25	23.6
600889	南京化纤	9.81	9.63
600890	ST中房	6.03	5.99
600891	ST秋林	13.59	13.48
600892	*ST宝诚	16.11	16.02
600893	航空动力	17.29	16.92
600894	广钢股份	8.52	8.23
600895	张江高科	9.44	9.44
600896	中海海盛	5.8	5.73
600897	厦门空港	14.71	14.37
600900	长江电力	7.21	7.19
600960	渤海活塞	13.54	13.54
600961	株冶集团	16.86	16.51
600962	国投中鲁	17.51	17.32
600963	岳阳林纸	8.56	8.43
600965	福成五丰	7.48	7.31
600966	博汇纸业	7.48	7.33
600967	北方创业	18.06	17.2
600969	郴电国际	18.26	18.34
600970	中材国际	27.33	26.67
600971	恒源煤电	40.36	39.72
600973	宝胜股份	15.8	15.59
600975	新五丰	14.09	13.89
600976	武汉健民	19.59	18.91
600978	宜华木业	5.61	5.56
600979	广安爱众	7.29	7.26
600980	北矿磁材	19.85	19.37
600981	江苏开元	6.58	6.55
600982	宁波热电	12.34	12.08
600983	合肥三洋	11.93	11.43
600984	*ST建机	8.87	8.79
600985	雷鸣科化	15.84	15.61
600986	科达股份	7.3	7.19
600987	航民股份	7.38	7.31
600988	*ST宝龙	9.46	9.43
600990	四创电子	25.91	25.89
600991	广汽长丰	15.7	15.69
600992	贵绳股份	9.91	9.76
600993	马应龙	19.02	18.9
600995	文山电力	10.73	10.68
600997	开滦股份	15.96	15.74
600998	九州通	12.35	12.11
600999	招商证券	18.38	18
601000	唐山港	7.69	7.52
601001	大同煤业	17	16.69
601002	晋亿实业	18.49	18.47
601003	柳钢股份	5.24	5.19
601005	重庆钢铁	4.17	4.13
601006	大秦铁路	8.19	8.01
601007	金陵饭店	9.19	9.19
601008	连云港	10	9.86
601009	南京银行	8.97	8.88
601010	文峰股份	18.01	17.17
601011	宝泰隆	18.14	17.43
601018	宁波港	3.2	3.16
601058	N赛轮	10.02	6.88
601088	中国神华	30.14	29.34
601098	中南传媒	9.53	9.4
601099	太平洋	9.42	9.36
601101	昊华能源	63.11	62.57
601106	中国一重	4.85	4.82
601107	四川成渝	5.62	5.56
601111	中国国航	9.59	9.51
601113	华鼎锦纶	14.26	14.13
601116	三江购物	14.2	14.22
601117	中国化学	8.86	8.92
601118	海南橡胶	12.32	12.01
601126	四方股份	18.33	18.21
601137	博威合金	20.5	20.31
601139	深圳燃气	10.48	10.3
601158	重庆水务	8.26	8.21
601166	兴业银行	13.48	13.36
601168	西部矿业	14.82	14.31
601169	北京银行	9.97	9.89
601177	杭齿前进	14.92	14.81
601179	中国西电	6.1	5.98
601186	中国铁建	6.05	6.04
601188	龙江交通	3.66	3.64
601199	江南水务	14.71	14.68
601208	东材科技	21.61	21.61
601216	内蒙君正	24.19	23.55
601218	吉鑫科技	18.5	18.26
601233	桐昆股份	27.21	26.52
601258	庞大集团	29.27	29.03
601268	二重重装	10.84	10.77
601288	农业银行	2.8	2.78
601299	中国北车	6.7	6.67
601311	骆驼股份	17.44	17.44
601318	中国平安	48.27	46.73
601328	交通银行	5.54	5.5
601333	广深铁路	4.11	4.05
601369	陕鼓动力	10.97	10.91
601377	兴业证券	17.23	16.79
601390	中国中铁	3.99	4
601398	工商银行	4.46	4.46
601518	吉林高速	3.82	3.79
601519	大智慧	15.64	15.45
601558	华锐风电	29.23	28.84
601566	九牧王	21.61	21
601567	三星电气	18.34	18.22
601588	北辰实业	3.66	3.59
601599	鹿港科技	15.28	15.37
601600	中国铝业	11.01	10.77
601601	中国太保	22.39	21.4
601607	上海医药	16.8	16.8
601616	广电电气	15.46	15.31
601618	中国中冶	3.94	3.88
601628	中国人寿	18.75	18.36
601666	平煤股份	14.01	13.78
601668	中国建筑	4.03	3.89
601678	滨化股份	17.65	17.46
601688	华泰证券	12.35	12.05
601699	潞安环能	32.81	32.46
601700	风范股份	24.6	24.19
601717	郑煤机	36.46	35.26
601718	际华集团	4.6	4.5
601727	上海电气	6.92	6.86
601766	中国南车	7.12	7.07
601777	力帆股份	10.72	10.67
601788	光大证券	13.75	13.68
601798	蓝科高新	13.27	13.36
601799	星宇股份	18.69	18.49
601801	皖新传媒	14.57	14.45
601808	中海油服	17.86	17.62
601818	光大银行	3.35	3.33
601857	中国石油	10.89	10.78
601866	中海集运	3.64	3.61
601872	招商轮船	3.83	3.8
601877	正泰电器	17.33	17.24
601880	大连港	3.93	3.93
601888	中国国旅	23.63	23.06
601890	亚星锚链	14.45	14.36
601898	中煤能源	10	9.71
601899	紫金矿业	7.24	7.08
601918	国投新集	12.16	12
601919	中国远洋	8.29	8.22
601933	永辉超市	24.19	23.81
601939	建设银行	4.94	4.95
601958	金钼股份	19.25	18.91
601988	中国银行	3.14	3.15
601989	中国重工	13.79	13.32
601991	大唐发电	5.58	5.55
601992	金隅股份	15.48	15.63
601998	中信银行	4.75	4.75
601999	出版传媒	8.75	8.66
000001	深发展Ａ	17.07	16.63
000002	万  科Ａ	8.45	8.28
000004	国农科技	12.27	12.16
000005	世纪星源	0	3.86
000006	深振业Ａ	5.81	5.7
000007	ST零七	7.97	7.63
000008	ST宝利来	12.38	12.4
000009	中国宝安	17.22	17.34
000010	S ST华新	0	14.63
000011	深物业A	12.17	11.78
000012	南  玻Ａ	16.5	16.39
000014	沙河股份	7.98	7.89
000016	深康佳Ａ	4.39	4.36
000017	*ST中华A	5.1	5.16
000018	ST中冠A	7.25	7.15
000019	深深宝Ａ	10.21	10.01
000020	深华发Ａ	0	8.21
000021	长城开发	8.28	8.2
000022	深赤湾Ａ	13.99	13.78
000023	深天地Ａ	8.74	8.68
000024	招商地产	18.3	17.65
000025	特  力Ａ	10.3	10.2
000026	飞亚达Ａ	15.5	15.32
000027	深圳能源	7.54	7.45
000028	一致药业	25.82	25.74
000029	深深房Ａ	5.12	5.05
000030	*ST盛润A	0	9.07
000031	中粮地产	5.72	5.67
000032	深桑达Ａ	8.19	8.13
000033	新都酒店	6.27	6.11
000034	深信泰丰	7.1	7.07
000035	*ST科健	9.69	9.8
000036	华联控股	3.92	3.88
000037	深南电Ａ	5.07	5.02
000039	中集集团	21.88	21
000040	宝安地产	5.8	5.6
000042	深 长 城	18.21	18.04
000043	中航地产	8.25	8.15
000045	深纺织Ａ	10.54	10.45
000046	泛海建设	8.78	8.68
000048	ST康达尔	10	10.08
000049	德赛电池	24.37	24.23
000050	深天马Ａ	10.84	10.72
000055	方大集团	6.19	6.12
000056	深 国 商	23.41	23.22
000058	深 赛 格	0	5.51
000059	辽通化工	13.58	13.17
000060	中金岭南	13.3	13
000061	农 产 品	15.96	15.81
000062	深圳华强	8.17	8.12
000063	中兴通讯	28.28	27.71
000065	北方国际	21.08	21.07
000066	长城电脑	7.1	7
000068	ST三星	0	6.81
000069	华侨城Ａ	7.91	7.66
000070	特发信息	9.25	9.1
000078	海王生物	9.56	9.46
000088	盐 田 港	6.42	6.27
000089	深圳机场	5.53	5.52
000090	深 天 健	11.55	11.38
000096	广聚能源	6.64	6.6
000099	中信海直	10.7	10.55
000100	TCL 集团	2.99	2.97
000150	宜华地产	5.45	5.43
000151	中成股份	10.69	10.31
000153	丰原药业	9.17	9.07
000155	川化股份	8.08	8.01
000157	中联重科	15.38	15.23
000158	常山股份	6.37	6.26
000159	国际实业	13.85	13.64
000301	东方市场	4.08	4.04
000338	潍柴动力	45.43	44.49
000400	许继电气	30.81	30
000401	冀东水泥	24.99	25.33
000402	金 融 街	7.47	7.33
000404	华意压缩	7.4	7.23
000407	胜利股份	5.43	5.33
000408	ST金谷源	0	11.73
000409	*ST泰复	8.07	7.86
000410	沈阳机床	10.96	10.9
000411	英特集团	14.14	12.85
000413	宝  石Ａ	12.94	13
000415	ST汇通	13.42	13.48
000416	民生投资	7.2	7.09
000417	合肥百货	18.2	18.05
000418	小天鹅Ａ	16.06	15.93
000419	通程控股	7.43	7.34
000420	吉林化纤	6.96	6.71
000421	南京中北	6.08	5.9
000422	湖北宜化	20.93	20.48
000423	东阿阿胶	41.26	40.82
000425	徐工机械	24.79	24.32
000426	富龙热电	16.9	16.5
000428	华天酒店	0	5.67
000429	粤高速Ａ	4.12	4.1
000430	ST张家界	8.22	7.99
000488	晨鸣纸业	7.01	6.86
000501	鄂武商Ａ	17.08	16.8
000502	绿景地产	0	7.99
000503	海虹控股	9.16	9.06
000504	ST传媒	10.39	10.37
000505	ST珠江	5.56	5.51
000506	中润投资	12.39	11.98
000507	珠海港	12.11	11.74
000509	S*ST华塑	12.26	12.22
000510	金路集团	8.9	8.83
000511	银基发展	3.39	3.36
000513	丽珠集团	0	27.47
000514	渝 开 发	7.8	7.71
000516	开元投资	5.24	5.19
000517	荣安地产	8.62	8.56
000518	四环生物	7.62	7.66
000519	江南红箭	14.93	14.89
000520	长航凤凰	4.9	4.86
000521	美菱电器	9.18	9.1
000522	白云山Ａ	0	14.5
000523	广州浪奇	12.26	12.06
000524	东方宾馆	0	9.39
000525	红 太 阳	13.96	13.56
000526	旭飞投资	11.85	11.76
000527	美的电器	18.39	18.15
000528	柳    工	22.63	21.75
000529	广弘控股	6.97	6.96
000530	大冷股份	11.11	10.75
000531	穗恒运Ａ	11.04	10.99
000532	力合股份	12.29	12.22
000533	万 家 乐	7.38	7.35
000534	万泽股份	8.37	7.77
000536	华映科技	23.22	23.2
000537	广宇发展	7.75	7.7
000538	云南白药	57.08	56.9
000539	粤电力Ａ	5.4	5.36
000540	中天城投	16.66	16.41
000541	佛山照明	13.56	13.42
000543	皖能电力	8.2	8.16
000544	中原环保	10.69	10.57
000545	*ST吉药	10	9.88
000546	光华控股	0	12.2
000547	闽福发Ａ	11.31	11.3
000548	湖南投资	6	5.94
000550	江铃汽车	26.27	26.03
000551	创元科技	14.51	14.3
000552	靖远煤电	17.17	16.8
000553	沙隆达Ａ	8.37	8.34
000554	泰山石油	11.37	11.29
000555	ST 太 光	8.98	8.88
000557	*ST广夏	0	7
000558	莱茵置业	0	7.89
000559	万向钱潮	8.04	7.86
000560	昆百大Ａ	10.5	10.32
000561	烽火电子	8.81	8.63
000562	宏源证券	16.71	16.55
000563	陕国投Ａ	0	11.1
000564	西安民生	7.23	7.12
000565	渝三峡Ａ	12.6	12.52
000566	海南海药	22.23	21.15
000567	海德股份	7.53	7.53
000568	泸州老窖	45.12	44.92
000570	苏常柴Ａ	7.85	7.74
000571	新大洲Ａ	0	7.44
000572	海马汽车	5.1	5.08
000573	粤宏远Ａ	5.25	5.29
000576	ST甘化	11.93	12.02
000581	威孚高科	0	38.55
000582	北 海 港	11.44	11.45
000584	友利控股	8.46	8.28
000585	东北电气	4.27	4.25
000586	ST汇源	8.65	8.6
000587	S*ST光明	0	15.9
000589	黔轮胎Ａ	6.59	6.59
000590	紫光古汉	12.5	12.2
000591	桐 君 阁	7.95	7.91
000592	中福实业	7.71	7.63
000593	大通燃气	7.63	7.55
000594	国恒铁路	3.94	3.94
000595	*ST西轴	11.38	11.22
000596	古井贡酒	79.48	77.5
000597	东北制药	13.99	13.81
000598	兴蓉投资	18.1	17.32
000599	青岛双星	6.1	6.04
000600	建投能源	5.12	5.16
000601	韶能股份	4.78	4.74
000602	*ST金马	31.81	33.48
000603	*ST 威达	0	30.06
000605	ST 四 环	0	13.44
000606	青海明胶	9.23	8.65
000607	*ST华控	5.44	5.4
000608	阳光股份	5.46	5.38
000609	绵世股份	0	10.73
000610	西安旅游	10.7	10.04
000611	时代科技	6.49	6.4
000612	焦作万方	17.84	17.23
000613	ST东海Ａ	5.06	5
000615	湖北金环	7.05	7.03
000616	亿城股份	4.41	4.35
000617	石油济柴	18.01	17.9
000619	海螺型材	9.64	9.34
000623	吉林敖东	30.81	30.5
000625	长安汽车	9.15	9.17
000626	如意集团	12.08	11.69
000627	天茂集团	4.41	4.39
000628	高新发展	0	10.59
000629	攀钢钒钛	11.07	10.95
000630	铜陵有色	24.1	23
000631	顺发恒业	6.55	6.46
000632	三木集团	5.19	5.14
000633	ST合金	10.7	10.65
000635	英 力 特	19.21	18.83
000636	风华高科	10.46	10.3
000637	茂化实华	8.38	8.27
000638	万方地产	9.33	8.94
000639	西王食品	31.15	30.85
000650	仁和药业	14.23	14.19
000651	格力电器	23.5	23.14
000652	泰达股份	0	7.68
000655	金岭矿业	19.11	18.51
000656	ST 东 源	0	13.7
000659	珠海中富	10.56	10.35
000661	长春高新	47.5	47.07
000662	索 芙 特	7.61	7.58
000663	永安林业	8.49	8.41
000665	武汉塑料	11.98	11.78
000666	经纬纺机	13.82	13.32
000667	名流置业	2.99	2.97
000668	荣丰控股	10.56	10.4
000669	领先科技	30.28	28.5
000671	阳 光 城	8.36	8.32
000673	ST当代	8.84	8.83
000676	*ST思达	5.04	5
000677	山东海龙	4.57	4.53
000678	襄阳轴承	6.62	6.52
000679	大连友谊	8.08	8.03
000680	山推股份	17.59	17.38
000682	东方电子	6.39	6.17
000683	远兴能源	8.95	8.67
000685	中山公用	16.64	16.6
000686	东北证券	20.1	20.12
000687	保定天鹅	5.85	5.8
000690	宝新能源	5.02	4.99
000691	*ST亚太	6.78	6.46
000692	惠天热电	7.31	7.1
000695	滨海能源	13.47	13.22
000697	*ST 偏转	15.85	15.48
000698	沈阳化工	9.45	9.15
000700	模塑科技	6.85	6.73
000701	厦门信达	10.72	10.41
000702	正虹科技	6.83	6.77
000703	恒逸石化	46.28	46.06
000705	浙江震元	13.28	12.85
000707	双环科技	10.71	10.39
000708	大冶特钢	15.31	15.15
000709	河北钢铁	4.52	4.48
000710	天兴仪表	13.27	13.08
000711	天伦置业	15.76	15.08
000712	锦龙股份	13.71	13.47
000713	丰乐种业	15.29	15.07
000715	中兴商业	10.19	10.13
000716	*ST南方	0	9.57
000717	韶钢松山	3.83	3.79
000718	苏宁环球	8	7.87
000720	ST能山	4.15	4.13
000721	西安饮食	10.06	9.66
000723	美锦能源	16.22	16.04
000725	京东方Ａ	2.73	2.63
000726	鲁  泰Ａ	10.95	10.76
000727	华东科技	12.44	11.8
000728	国元证券	11.3	11.22
000729	燕京啤酒	16.97	16.95
000731	四川美丰	6.47	6.41
000732	福建三农	8.86	8.85
000733	振华科技	9.96	9.93
000735	罗 牛 山	7.14	7.06
000736	重庆实业	10.3	10.16
000737	*ST南风	5.32	5.27
000738	中航动控	14.41	14.3
000739	普洛股份	10.85	10.72
000748	长城信息	8.16	8.06
000750	SST集琦	0	4.39
000751	锌业股份	7.81	7.66
000752	西藏发展	33.31	33.29
000753	漳州发展	7.03	6.96
000755	山西三维	11.05	10.96
000756	新华制药	7.63	7.6
000758	中色股份	35.35	35.12
000759	中百集团	0	12.32
000760	*ST博盈	7.45	7.36
000761	本钢板材	6.59	6.54
000762	西藏矿业	33.18	31.56
000766	通化金马	8.22	8.12
000767	漳泽电力	0	5.56
000768	西飞国际	11.01	10.92
000776	广发证券	39.25	38.21
000777	中核科技	25.81	25.63
000778	新兴铸管	10.55	10.38
000779	三毛派神	11.31	11.08
000780	平庄能源	15.9	15.2
000782	美达股份	7.06	6.87
000783	长江证券	10.77	10.6
000785	武汉中商	0	11.55
000786	北新建材	15.91	15.25
000788	西南合成	9.96	9.82
000789	江西水泥	17.51	17.01
000790	华神集团	15.9	15.66
000791	西北化工	7.46	7.38
000792	盐湖股份	59	58.9
000793	华闻传媒	0	5.66
000795	太原刚玉	16.4	16.21
000796	易食股份	7.3	7.11
000797	中国武夷	5.89	5.82
000798	中水渔业	10.31	10.23
000799	酒 鬼 酒	18.6	18.2
000800	一汽轿车	14.16	14.18
000801	四川九洲	11.46	11.31
000802	北京旅游	12.22	12.01
000803	金宇车城	9.6	9.53
000806	银河科技	4.81	4.75
000807	云铝股份	10.76	10.55
000809	中汇医药	0	24.94
000810	华润锦华	0	13.8
000811	烟台冰轮	12.54	12.03
000812	陕西金叶	6.23	6.1
000813	天山纺织	14.88	14.54
000815	美利纸业	6.5	6.33
000816	江淮动力	7.82	7.75
000818	*ST化工	6.28	6.27
000819	岳阳兴长	15.27	15.19
000821	京山轻机	7.25	7.12
000822	山东海化	10.6	10.35
000823	超声电子	14.54	14.32
000825	太钢不锈	5.15	5.11
000826	桑德环境	24.93	24.54
000828	东莞控股	5.69	5.65
000829	天音控股	9.14	9.05
000830	鲁西化工	7	6.79
000833	贵糖股份	9.64	9.54
000835	四川圣达	9.26	9.06
000836	鑫茂科技	6.96	6.88
000837	秦川发展	13.37	13.29
000838	国兴地产	9.11	9.11
000839	中信国安	10.41	10.18
000848	承德露露	15.96	15.6
000850	华茂股份	7.87	7.66
000851	高鸿股份	9.86	9.61
000852	江钻股份	14.54	14.3
000856	ST唐陶	9.32	9.13
000858	五 粮 液	35.72	35.47
000859	国风塑业	7.73	7.58
000860	顺鑫农业	17.24	17.14
000861	海印股份	17.78	17.57
000862	银星能源	12.26	12.2
000868	安凯客车	10.52	10.42
000869	张  裕Ａ	98.8	97.07
000875	吉电股份	4.51	4.46
000876	新 希 望	0	19.95
000877	天山股份	35.54	35.39
000878	云南铜业	21.91	21.4
000880	潍柴重机	19.24	18.72
000881	大连国际	11.8	11.51
000882	华联股份	7.39	7.26
000883	湖北能源	8	7.97
000885	同力水泥	15.71	15.65
000886	海南高速	4.81	4.78
000887	中鼎股份	12.97	12.71
000888	峨眉山Ａ	18.2	18.05
000889	渤海物流	9.21	9.03
000890	法 尔 胜	6.61	6.59
000892	*ST星美	5.16	5.11
000893	东凌粮油	20.26	19.45
000895	双汇发展	66.07	65.85
000897	津滨发展	4.56	4.5
000898	鞍钢股份	6.8	6.74
000899	赣能股份	6.65	6.59
000900	现代投资	16.3	16.08
000901	航天科技	16.65	16.53
000902	中国服装	0	13.89
000903	云内动力	6.97	6.9
000905	厦门港务	7.05	6.99
000906	南方建材	9.43	9.28
000908	ST天一	8.71	8.58
000909	数源科技	9.74	9.62
000910	大亚科技	7.25	7.16
000911	南宁糖业	18	17.86
000912	泸 天 化	0	7.32
000913	钱江摩托	7.37	7.33
000915	山大华特	17.65	17.58
000916	华北高速	3.84	3.81
000917	电广传媒	0	24.4
000918	嘉凯城	7.2	7.12
000919	金陵药业	9.19	9.21
000920	南方汇通	10.76	10.61
000921	ST 科 龙	6.54	6.54
000922	ST阿继	9.97	10.1
000923	河北宣工	9.79	9.65
000925	众合机电	17.28	17.19
000926	福星股份	11.97	11.57
000927	一汽夏利	7.06	6.9
000928	中钢吉炭	13.23	12.95
000929	兰州黄河	10.55	10.45
000930	中粮生化	7.77	7.54
000931	中 关 村	7.42	7.31
000932	华菱钢铁	0	4.11
000933	神火股份	15.21	14.73
000935	四川双马	0	13.23
000936	华 西 村	0	8.1
000937	冀中能源	25.35	24.91
000938	紫光股份	13.85	13.81
000939	凯迪电力	12.84	12.5
000948	南天信息	11.31	11.19
000949	新乡化纤	7.8	7.56
000950	建峰化工	0	7.78
000951	中国重汽	18.48	18.3
000952	广济药业	11.47	10.86
000953	ST河化	7.5	7.47
000955	ST欣龙	5.36	5.33
000957	中通客车	8.4	8.24
000958	ST东热	0	4.95
000959	首钢股份	0	4.42
000960	锡业股份	29.1	27.89
000961	中南建设	10.54	10.5
000962	东方钽业	24.95	24.71
000963	华东医药	24.27	23.95
000965	天保基建	9.61	9.35
000966	长源电力	5.64	5.57
000967	上风高科	9.3	9.03
000968	煤 气 化	25.33	24.94
000969	安泰科技	19.53	19.39
000970	中科三环	20.69	20.31
000971	ST迈亚	6.03	5.95
000972	新 中 基	8.7	8.6
000973	佛塑科技	13.28	13.08
000975	科 学 城	0	9.17
000976	春晖股份	5.88	5.81
000977	浪潮信息	20.1	19.02
000978	桂林旅游	11.06	10.81
000979	中弘地产	7.42	7.37
000980	金马股份	6.75	6.66
000982	中银绒业	14.59	14.7
000983	西山煤电	24.2	23.77
000985	大庆华科	14.74	14.52
000987	广州友谊	0	20.99
000988	华工科技	18.62	18.33
000989	九 芝 堂	11.48	11.37
000990	诚志股份	10.33	10.12
000993	闽东电力	9.22	9.24
000995	ST皇台	0	17.39
000996	中国中期	18.8	18.38
000997	新 大 陆	15.02	14.44
000998	隆平高科	26	25.62
000999	华润三九	17.95	17.77
001696	宗申动力	7.19	7.14
001896	豫能控股	10.35	10.04
002001	新 和 成	29.45	28.33
002002	ST琼花	7.19	6.85
002003	伟星股份	16.71	16.57
002004	华邦制药	45.1	44.65
002005	德豪润达	16.3	15.96
002006	精功科技	57.41	56.89
002007	华兰生物	33.94	33.74
002008	大族激光	12.48	12.06
002009	天奇股份	15.85	15.44
002010	传化股份	9.94	9.78
002011	盾安环境	13.89	13.83
002012	凯恩股份	14.31	13.66
002013	中航精机	0	20.8
002014	永新股份	15.79	15.6
002015	霞客环保	9.5	9.44
002016	世荣兆业	8.12	8.05
002017	东信和平	16.3	15.76
002018	华星化工	7.53	7.51
002019	鑫富药业	19.35	19.04
002020	京新药业	19.25	19.21
002021	中捷股份	6.87	6.66
002022	科华生物	13.24	13.06
002023	海特高新	16.96	16.28
002024	苏宁电器	12.81	12.62
002025	航天电器	12.23	12.11
002026	山东威达	9.57	9.42
002027	七喜控股	6.11	6.07
002028	思源电气	13.69	13.65
002029	七 匹 狼	31.7	31.8
002030	达安基因	10.22	10.1
002031	巨轮股份	7.75	7.65
002032	苏 泊 尔	22.72	22.63
002033	丽江旅游	20.14	19.6
002034	美 欣 达	21.89	19.9
002035	华帝股份	12.36	12.06
002036	宜科科技	16.38	16.19
002037	久联发展	24.38	23.65
002038	双鹭药业	37.75	37.37
002039	黔源电力	19.98	19.86
002040	南 京 港	8.27	8.2
002041	登海种业	20.67	20.43
002042	华孚色纺	24.46	24.15
002043	兔 宝 宝	9.71	9.51
002044	江苏三友	11.6	11.65
002045	广州国光	7.44	7.42
002046	轴研科技	22	22.04
002047	成霖股份	5.01	4.97
002048	宁波华翔	11.97	11.84
002049	晶源电子	19.88	19.85
002050	三花股份	33.3	33.05
002051	中工国际	27.4	27.22
002052	同洲电子	0	10.88
002053	云南盐化	12.74	12.51
002054	德美化工	11.25	11.15
002055	得润电子	20.09	19.7
002056	横店东磁	27.45	27
002057	中钢天源	19.3	19.02
002058	威 尔 泰	10.62	10.54
002059	云南旅游	11.42	11.12
002060	粤 水 电	12.68	12.3
002061	江山化工	13.41	12.97
002062	宏润建设	11.1	10.9
002063	远光软件	18.93	18.57
002064	华峰氨纶	9.56	9.29
002065	东华软件	23.7	23.36
002066	瑞泰科技	15.58	15.36
002067	景兴纸业	7.45	7.38
002068	黑猫股份	14.93	14.42
002069	獐 子 岛	24.3	23.71
002070	众和股份	6	6.13
002071	江苏宏宝	12.88	12.89
002072	ST德棉	10.37	10.3
002073	软控股份	20.6	20.29
002074	东源电器	10.46	10.34
002075	沙钢股份	8.73	8.3
002076	雪 莱 特	9.66	9.4
002077	大港股份	12.18	12.1
002078	太阳纸业	10.61	10.47
002079	苏州固锝	18.09	17.8
002080	中材科技	15.1	14.98
002081	金 螳 螂	40.2	38
002082	栋梁新材	13.98	13.66
002083	孚日股份	8.07	8.04
002084	海鸥卫浴	6.39	6.33
002085	万丰奥威	13.95	14.38
002086	东方海洋	14.51	14.17
002087	新野纺织	4.96	4.9
002088	鲁阳股份	14.28	14.05
002089	新 海 宜	13.35	13.25
002090	金智科技	10.43	10.38
002091	江苏国泰	18.86	18.37
002092	中泰化学	13.12	12.84
002093	国脉科技	13.27	13.3
002094	青岛金王	16.28	16.32
002095	生 意 宝	15.19	15.08
002096	南岭民爆	30.55	30
002097	山河智能	13.79	13.65
002098	浔兴股份	14.22	13.64
002099	海翔药业	21.96	21.92
002100	天康生物	12.81	12.58
002101	广东鸿图	17.18	16.95
002102	冠福家用	9.32	8.67
002103	广博股份	7.92	7.85
002104	恒宝股份	12.55	12.45
002105	信隆实业	7.4	7.39
002106	莱宝高科	30.25	29.78
002107	沃华医药	12.05	11.91
002108	沧州明珠	9.38	9.1
002109	兴化股份	9.54	9.5
002110	三钢闽光	10.24	10.18
002111	威海广泰	19	18.85
002112	三变科技	11.74	11.56
002113	*ST天润	0	8.15
002114	罗平锌电	13.85	13.66
002115	三维通信	15.21	15
002116	中国海诚	18.62	18.4
002117	东港股份	18.69	18.13
002118	紫鑫药业	18.15	17.91
002119	康强电子	10.18	10.04
002120	新海股份	10.16	10.07
002121	科陆电子	15.43	15.28
002122	天马股份	12.8	12.69
002123	荣信股份	22.78	22.6
002124	天邦股份	9.59	9.4
002125	湘潭电化	21.88	22.12
002126	银轮股份	18.54	18.42
002127	新民科技	11.16	10.91
002128	露天煤业	21.75	21.05
002129	中环股份	20.09	19.75
002130	沃尔核材	15.17	15.02
002131	利欧股份	18	18
002132	恒星科技	12.65	12.53
002133	广宇集团	5.61	5.5
002134	天津普林	11.01	10.99
002135	东南网架	9.88	9.73
002136	安 纳 达	30.1	28.91
002137	实 益 达	9.09	9.01
002138	顺络电子	20.47	20.28
002139	拓邦股份	17.87	17.48
002140	东华科技	27.45	27.1
002141	蓉胜超微	7.38	7.35
002142	宁波银行	10.88	10.64
002143	高金食品	9.41	9.37
002144	宏达高科	13.9	13.74
002145	*ST钛白	9.47	9.45
002146	荣盛发展	9.8	9.62
002147	方圆支承	15.25	15.18
002148	北纬通信	17.24	17.08
002149	西部材料	18.81	18.42
002150	江苏通润	10.71	10.78
002151	北斗星通	28.26	27.63
002152	广电运通	30.83	30.88
002153	石基信息	34.9	35.06
002154	报 喜 鸟	13.4	13.5
002155	辰州矿业	32.69	31.81
002156	通富微电	8.36	8.49
002157	正邦科技	10.9	10.55
002158	汉钟精机	22.2	22.35
002159	三特索道	13.59	13.12
002160	常铝股份	15.81	16.12
002161	远 望 谷	22.43	20.5
002162	斯 米 克	10.98	10.88
002163	中航三鑫	7.85	7.83
002164	东力传动	9.02	8.93
002165	红 宝 丽	14.84	14.8
002166	莱茵生物	21.03	20.84
002167	东方锆业	39.69	39.71
002168	深圳惠程	17.99	17.9
002169	智光电气	10.2	9.27
002170	芭田股份	11.64	11.4
002171	精诚铜业	18.13	17.92
002172	澳洋科技	6.98	6.8
002173	山 下 湖	13.19	12.9
002174	梅 花 伞	15.63	15.69
002175	广陆数测	13.49	13.23
002176	江特电机	23.65	23.35
002177	御银股份	12.35	12.08
002178	延华智能	11.66	11.73
002179	中航光电	22.5	21.5
002180	万 力 达	0	26.55
002181	粤 传 媒	10.77	10.64
002182	云海金属	13.12	12.79
002183	怡 亚 通	6.93	6.79
002184	海得控制	11.49	11.48
002185	华天科技	10.88	10.78
002186	全 聚 德	27.39	27.07
002187	广百股份	15.63	15.63
002188	新 嘉 联	11.22	11.22
002189	利达光电	15.23	15.1
002190	成飞集成	32	31.86
002191	劲嘉股份	8.73	8.61
002192	路翔股份	22.54	22.4
002193	山东如意	13.17	13.08
002194	武汉凡谷	11.1	10.93
002195	海隆软件	18.03	17.67
002196	方正电机	16.22	15.93
002197	证通电子	14.61	14.66
002198	嘉应制药	10.63	10.61
002199	东晶电子	17.41	17.11
002200	*ST大地	13.61	13.57
002201	九鼎新材	10.15	10.14
002202	金风科技	14.93	14.73
002203	海亮股份	14.84	14.74
002204	华锐铸钢	31.9	31.77
002205	国统股份	26	25.43
002206	海 利 得	13.25	12.83
002207	准油股份	16.82	17.08
002208	合肥城建	9.07	9
002209	达 意 隆	9.37	9.26
002210	飞马国际	8.8	8.62
002211	宏达新材	11.09	11.07
002212	南洋股份	8.92	9
002213	特 尔 佳	13.56	13.3
002214	大立科技	44.92	44.81
002215	诺 普 信	15.95	15.59
002216	三全食品	34.79	34.43
002217	联合化工	11.53	11.08
002218	拓日新能	14.44	14.3
002219	独 一 味	17.43	17.24
002220	天宝股份	17.86	17.73
002221	东华能源	8.7	8.63
002222	福晶科技	9.05	8.9
002223	鱼跃医疗	24.53	24.53
002224	三 力 士	10.62	10.66
002225	濮耐股份	12.97	12.84
002226	江南化工	25.87	25.6
002227	奥 特 迅	26.82	26.7
002228	合兴包装	7.59	7.49
002229	鸿博股份	14.8	14.77
002230	科大讯飞	40.5	39
002231	奥维通信	12.33	12.34
002232	启明信息	11.12	11
002233	塔牌集团	13.23	12.54
002234	民和股份	24.9	24.69
002235	安妮股份	11.68	11.49
002236	大华股份	45.29	43.28
002237	恒邦股份	40.43	39.66
002238	天威视讯	17.91	17.69
002239	金 飞 达	7.94	7.81
002240	威华股份	7.1	6.93
002241	歌尔声学	25.38	24.35
002242	九阳股份	12.5	12.42
002243	通产丽星	14.19	13.88
002244	滨江集团	12.3	12
002245	澳洋顺昌	8.25	8.09
002246	北化股份	16.03	15.82
002247	帝龙新材	19.1	17.36
002248	华东数控	16.77	15.62
002249	大洋电机	21.25	20.95
002250	联化科技	31.85	31.61
002251	步 步 高	23.13	23
002252	上海莱士	23.8	23.69
002253	川大智胜	38.3	36.5
002254	烟台氨纶	17.84	17.53
002255	海陆重工	31.88	31.62
002256	彩虹精化	0	22.17
002258	利尔化学	15.17	14.87
002259	升达林业	7.38	7.35
002260	伊 立 浦	10.68	10.41
002261	拓维信息	17.87	17.74
002262	恩华药业	17.66	17.33
002263	大 东 南	10.3	10.15
002264	新 华 都	22.65	22.69
002265	西仪股份	11.49	11.37
002266	浙富股份	19.09	18.93
002267	陕天然气	17.96	17.3
002268	卫 士 通	17.48	16.71
002269	美邦服饰	29.97	28.81
002270	法因数控	13.64	13.6
002271	东方雨虹	16.84	16.69
002272	川润股份	13.6	13.6
002273	水晶光电	35.85	35.55
002274	华昌化工	11.08	10.77
002275	桂林三金	0	15.95
002276	万马电缆	0	13.53
002277	友阿股份	21.92	21.5
002278	神开股份	11.85	11.99
002279	久其软件	19.34	19.4
002280	新世纪	19.23	19.35
002281	光迅科技	32.3	31.9
002282	博深工具	15.7	15.73
002283	天润曲轴	14.22	14.1
002284	亚太股份	11.08	11.03
002285	世联地产	17.95	17.69
002286	保龄宝	19.47	19.23
002287	奇正藏药	21.15	20.76
002288	超华科技	12.88	12.72
002289	宇顺电子	24.28	23.98
002290	禾盛新材	24.46	24.5
002291	星期六	11.5	11.36
002292	奥飞动漫	19	18.81
002293	罗莱家纺	77.55	76
002294	信立泰	33.59	33.5
002295	精艺股份	10.93	10.92
002296	辉煌科技	0	26
002297	博云新材	18.7	17.83
002298	鑫龙电器	11.79	11.71
002299	圣农发展	16.21	15.99
002300	太阳电缆	11.3	11.23
002301	齐心文具	14.08	14.03
002302	西部建设	19.57	19.54
002303	美盈森	34.6	34.02
002304	洋河股份	126.16	124.52
002305	南国置业	6.05	5.99
002306	湘鄂情	19.51	19.18
002307	北新路桥	16.58	16.7
002308	威创股份	11.01	10.8
002309	中利科技	24.95	24.75
002310	东方园林	90	89.9
002311	海大集团	16.05	15.72
002312	三泰电子	15.3	15.75
002313	日海通讯	43.48	43.6
002314	雅致股份	14.71	14.61
002315	焦点科技	48.47	47.9
002316	键桥通讯	15.25	15.26
002317	众生药业	0	22.45
002318	久立特材	17.97	17.79
002319	乐通股份	15.68	15.56
002320	海峡股份	16	15.78
002321	华英农业	18.3	18.08
002322	理工监测	46.81	46.81
002323	中联电气	24.62	23.78
002324	普利特	15.2	15.4
002325	洪涛股份	19.54	19.37
002326	永太科技	24.74	24.19
002327	富安娜	41.96	41
002328	新朋股份	16.13	15.84
002329	皇氏乳业	18.13	18
002330	得利斯	14.56	14.45
002331	皖通科技	14.22	14.33
002332	仙琚制药	13.12	12.89
002333	罗普斯金	13.47	13.62
002334	英威腾	52.45	51.7
002335	科华恒盛	19.55	19.45
002336	人人乐	19	18.82
002337	赛象科技	14.59	14.47
002338	奥普光电	43	43.09
002339	积成电子	25.16	24.85
002340	格林美	21.06	20.8
002341	新纶科技	20.22	20.05
002342	巨力索具	20.14	20
002343	禾欣股份	13.62	13.52
002344	海宁皮城	21.85	21.58
002345	潮宏基	26.08	25.78
002346	柘中建设	22.09	22.01
002347	泰尔重工	21.3	21.02
002348	高乐股份	11.52	11.38
002349	精华制药	23.42	23
002350	北京科锐	17.86	17.72
002351	漫步者	12.37	12.34
002352	鼎泰新材	22.33	22.15
002353	杰瑞股份	64.9	62.9
002354	科冕木业	14.07	14.2
002355	兴民钢圈	14.21	13.95
002356	浩宁达	23.98	23.85
002357	富临运业	10.67	10.62
002358	森源电气	19.07	19.03
002359	齐星铁塔	13.07	12.58
002360	同德化工	16.3	16.15
002361	神剑股份	10.93	10.6
002362	汉王科技	25.22	25.57
002363	隆基机械	16.4	16.16
002364	中恒电气	0	16.01
002365	永安药业	15.14	15.34
002366	丹甫股份	13.83	13.73
002367	康力电梯	17.18	16.72
002368	太极股份	19.79	19.7
002369	卓翼科技	18.33	18
002370	亚太药业	20.73	20.8
002371	七星电子	69.01	66.81
002372	伟星新材	0	17.39
002373	联信永益	20.99	21.36
002374	丽鹏股份	15.7	15.65
002375	亚厦股份	29.5	29.2
002376	新北洋	18.37	17.34
002377	国创高新	10.08	9.74
002378	章源钨业	29.06	28.66
002379	鲁丰股份	16.19	16.44
002380	科远股份	35.8	35.49
002381	双箭股份	17.42	17.58
002382	蓝帆股份	18.6	18.66
002383	合众思壮	31.68	31.87
002384	东山精密	33.75	33.5
002385	大北农	32.4	32.53
002386	天原集团	13.42	13.36
002387	黑牛食品	17.25	17.16
002388	新亚制程	14.24	13.69
002389	南洋科技	25.26	25.1
002390	信邦制药	15.08	14.96
002391	长青股份	18.29	18.04
002392	北京利尔	25.75	24.3
002393	力生制药	40	39.43
002394	联发股份	18.02	17.84
002395	双象股份	24.07	23.89
002396	星网锐捷	14.2	14.19
002397	梦洁家纺	44.61	43.18
002398	建研集团	20.19	19.6
002399	海普瑞	38.71	38.4
002400	省广股份	19.45	19.01
002401	交技发展	35.27	34.6
002402	和而泰	18.17	18.17
002403	爱仕达	13.08	12.92
002404	嘉欣丝绸	11.8	11.68
002405	四维图新	31.15	30.83
002406	远东传动	16.37	16.29
002407	多氟多	51.5	47.98
002408	齐翔腾达	31.83	30.88
002409	雅克科技	32.55	32.35
002410	广联达	34.72	33.98
002411	九九久	14.68	14.62
002412	汉森制药	18.99	18.72
002413	常发股份	21.43	21.87
002414	高德红外	20.71	20.31
002415	海康威视	39.29	38.62
002416	爱施德	0	27.88
002417	三元达	14.42	14.35
002418	康盛股份	11.31	11.48
002419	天虹商场	21.56	21.52
002420	毅昌股份	9.1	9.09
002421	达实智能	20.09	19.83
002422	科伦药业	59	59
002423	中原特钢	12.68	12.64
002424	贵州百灵	37.49	36.75
002425	凯撒股份	20.28	20.23
002426	胜利精密	11.74	11.75
002427	尤夫股份	13.04	12.86
002428	云南锗业	44.32	43.52
002429	兆驰股份	17.74	17.38
002430	杭氧股份	22.39	21.55
002431	棕榈园林	26.36	26.1
002432	九安医疗	12.17	12.35
002433	太安堂	23.7	23.6
002434	万里扬	28.26	28.13
002435	长江润发	13.23	13.07
002436	兴森科技	24.57	24.4
002437	誉衡药业	23.4	23.23
002438	江苏神通	22.76	22.7
002439	启明星辰	34.25	33.74
002440	闰土股份	21.59	21.49
002441	众业达	18.13	17.87
002442	龙星化工	11.24	10.98
002443	金洲管道	13.57	13.55
002444	巨星科技	15.51	15.26
002445	中南重工	28.4	28.05
002446	盛路通信	16.59	16.49
002447	壹桥苗业	56.83	56.74
002448	中原内配	35.65	36.26
002449	国星光电	25.2	24.88
002450	康得新	21.15	20.9
002451	摩恩电气	14.36	14.29
002452	长高集团	20.71	20.57
002453	天马精化	33.5	33.14
002454	松芝股份	16.34	16.18
002455	百川股份	0	16.2
002456	欧菲光	27.35	26.63
002457	青龙管业	20.79	20.25
002458	益生股份	22.5	22.28
002459	天业通联	19.25	18.75
002460	赣锋锂业	29.08	28.25
002461	珠江啤酒	16.36	16.22
002462	嘉事堂	17.51	17.41
002463	沪电股份	10.63	10.53
002464	金利科技	19.1	18.75
002465	海格通信	29.63	28.65
002466	天齐锂业	32.32	31.08
002467	二六三	25.3	24.86
002468	艾迪西	16.37	16.3
002469	三维工程	27.19	26.9
002470	金正大	17.12	16.82
002471	中超电缆	13.55	13.42
002472	双环传动	19.72	19.76
002473	圣莱达	13.8	13.53
002474	榕基软件	39.06	38.58
002475	立讯精密	36.06	35.3
002476	宝莫股份	16.38	16.21
002477	雏鹰农牧	31.98	31.66
002478	常宝股份	15.16	15.03
002479	富春环保	17.31	17.18
002480	新筑股份	29.96	29.18
002481	双塔食品	27.86	27.85
002482	广田股份	30.19	29.42
002483	润邦股份	14.2	14.13
002484	江海股份	23.81	23.58
002485	希努尔	22.2	21.66
002486	嘉麟杰	14.7	14.55
002487	大金重工	25.99	25.82
002488	金固股份	12.6	12.68
002489	浙江永强	29.99	29.38
002490	山东墨龙	16.74	16.54
002491	通鼎光电	16.24	16.1
002492	恒基达鑫	16.3	16.27
002493	荣盛石化	30.89	30.03
002494	华斯股份	20.08	20.03
002495	佳隆股份	12.75	12.6
002496	辉丰股份	20.45	20.36
002497	雅化集团	19.35	17.59
002498	汉缆股份	19.33	19.21
002499	科林环保	29.29	28.7
002500	山西证券	9.15	9
002501	利源铝业	21.4	21.1
002502	骅威股份	23.41	23.46
002503	搜于特	32.92	32.79
002504	东光微电	19.38	18.85
002505	大康牧业	16.89	16.72
002506	超日太阳	19.3	19.19
002507	涪陵榨菜	19.52	19.5
002508	老板电器	17.29	17.11
002509	天广消防	23.34	22.93
002510	天汽模	16.19	16.11
002511	中顺洁柔	26.43	26.22
002512	达华智能	15.55	15.55
002513	蓝丰生化	38.89	38.51
002514	宝馨科技	28.57	28.18
002515	金字火腿	28.35	28.19
002516	江苏旷达	14.6	14.75
002517	泰亚股份	18.76	18.75
002518	科士达	27.92	27.45
002519	银河电子	17.5	17.45
002520	日发数码	30.68	30.38
002521	齐峰股份	17.77	17.72
002522	浙江众成	20.95	20.78
002523	天桥起重	16.13	15.99
002524	光正钢构	14.99	15.02
002526	山东矿机	22.1	21.68
002527	新时达	21.4	21.25
002528	英飞拓	35.26	34.77
002529	海源机械	16.87	16.79
002530	丰东股份	15.15	15.19
002531	天顺风能	19.03	18.83
002532	新界泵业	19.52	19.52
002533	金杯电工	13.09	12.95
002534	杭锅股份	21.92	21.7
002535	林州重机	16.3	16.09
002536	西泵股份	25.79	25.71
002537	海立美达	27.22	27
002538	司尔特	22.32	22.28
002539	新都化工	29.92	29.57
002540	亚太科技	20.21	19.8
002541	鸿路钢构	40.3	40.08
002542	中化岩土	25.75	25.8
002543	万和电气	24.08	23.79
002544	杰赛科技	15.32	15.28
002545	东方铁塔	29.33	29.11
002546	新联电子	36.81	36.7
002547	春兴精工	16.79	16.41
002548	金新农	21.86	21.26
002549	凯美特气	29.2	28.2
002550	千红制药	28.58	28.7
002551	尚荣医疗	28.72	28.4
002552	宝鼎重工	14.84	14.75
002553	南方轴承	21.85	21.69
002554	惠博普	19.17	18.84
002555	顺荣股份	13.98	14.05
002556	辉隆股份	20.3	19.75
002557	洽洽食品	29.76	29.4
002558	世纪游轮	26.74	26.25
002559	亚威股份	29.49	29.45
002560	通达股份	17.52	17.57
002561	徐家汇	15.31	15.15
002562	兄弟科技	24.34	23.13
002563	森马服饰	48.19	47.6
002564	张化机	20.06	19.6
002565	上海绿新	24.9	24.86
002566	益盛药业	30.15	29.9
002567	唐人神	24.16	23.94
002568	百润股份	21.47	21.3
002569	步森股份	17.73	17.68
002570	贝因美	0	33.5
002571	德力股份	23.82	23.71
002572	宁基股份	77.12	75.44
002573	国电清新	32.91	32.86
002574	明牌珠宝	26.77	26.56
002575	群兴玩具	17.45	17.21
002576	通达动力	17.97	17.88
002577	雷柏科技	28.6	28.66
002578	闽发铝业	14.11	14.01
002579	中京电子	17.8	17.78
002580	圣阳股份	23.27	22.76
002581	万昌科技	19.77	19.75
002582	好想你	51.95	50.49
002583	海能达	18.54	18.42
002584	西陇化工	13.51	13.37
002585	双星新材	42.3	41.85
002586	围海股份	0	25.17
002587	奥拓电子	18.66	18.64
002588	史丹利	31.12	30.4
002589	瑞康医药	25.76	25.5
002590	万安科技	18.18	18.04
002591	恒大高新	20.24	20.17
002593	日上集团	14	14.13
002594	N比亚迪	25.45	18
002595	豪迈科技	25.04	24.79
300001	特锐德	21.98	21.86
300002	神州泰岳	29.73	28.69
300003	乐普医疗	19.64	19.28
300004	南风股份	23.76	23.62
300005	探路者	15.8	15.74
300006	莱美药业	0	42.88
300007	汉威电子	16.82	16.84
300008	上海佳豪	18.22	18.23
300009	安科生物	11.8	11.66
300010	立思辰	13.41	13.4
300011	鼎汉技术	26.17	25.56
300012	华测检测	17.24	17.33
300013	新宁物流	11.94	11.66
300014	亿纬锂能	15.64	15.26
300015	爱尔眼科	31.96	31.35
300016	北陆药业	10.7	10.66
300017	网宿科技	12.93	12.82
300018	中元华电	16.04	16.05
300019	硅宝科技	17.72	17.57
300020	银江股份	12.55	12.31
300021	大禹节水	10.45	10.14
300022	吉峰农机	11.39	11.16
300023	宝德股份	12.52	12.45
300024	机器人	24.13	22.88
300025	华星创业	14.41	14.28
300026	红日药业	26.67	26.7
300027	华谊兄弟	14.4	14.31
300028	金亚科技	8.14	8.06
300029	天龙光电	22.81	22.55
300030	阳普医疗	11.78	11.81
300031	宝通带业	16.31	16.2
300032	金龙机电	23.9	23.92
300033	同花顺	23	22.79
300034	钢研高纳	17.88	17.59
300035	中科电气	14.12	13.95
300036	超图软件	17.15	17.4
300037	新宙邦	38.59	38.38
300038	梅泰诺	15.34	15.07
300039	上海凯宝	24.96	24.39
300040	九洲电气	13.58	13.56
300041	回天胶业	33.42	32.56
300042	朗科科技	21.74	21.69
300043	星辉车模	15.09	15.35
300044	赛为智能	15.91	15.89
300045	华力创通	19.58	19.41
300046	台基股份	20.34	20.29
300047	天源迪科	13.44	13.47
300048	合康变频	19.9	19.79
300049	福瑞股份	15.44	15.33
300050	世纪鼎利	23.46	23.19
300051	三五互联	10.68	10.61
300052	中青宝	14.64	14.42
300053	欧比特	10.36	10.3
300054	鼎龙股份	31.32	31.12
300055	万邦达	46.6	45.9
300056	三维丝	31.1	31.03
300057	万顺股份	11.25	11.01
300058	蓝色光标	0	31.35
300059	东方财富	23.09	22.91
300061	康耐特	17.21	17
300062	中能电气	12.81	12.79
300063	天龙集团	17.69	17.51
300064	豫金刚石	17.76	17.88
300065	海兰信	34.9	34.9
300066	三川股份	18.23	18.07
300067	安诺其	10.37	10.19
300068	南都电源	15.71	15.71
300069	金利华电	15.22	15.17
300070	碧水源	40	40
300071	华谊嘉信	12.75	12.59
300072	三聚环保	13.63	13.44
300073	当升科技	15.7	15.34
300074	华平股份	27.84	27.8
300075	数字政通	22.85	22.61
300076	宁波GQY	16.45	16.4
300077	国民技术	26.39	26.22
300078	中瑞思创	20	19.83
300079	数码视讯	20.5	20.38
300080	新大新材	43.9	43.17
300081	恒信移动	19.82	19.65
300082	奥克股份	28.33	28.1
300083	劲胜股份	13.73	13.35
300084	海默科技	14.2	14.02
300085	银之杰	11.57	11.45
300086	康芝药业	19.11	18.28
300087	荃银高科	16.88	16.58
300088	长信科技	20.18	19.88
300089	长城集团	15.26	15.12
300090	盛运股份	10.81	10.88
300091	金通灵	14.9	14.73
300092	科新机电	17.04	16.81
300093	金刚玻璃	13.89	12.72
300094	国联水产	8.93	8.9
300095	华伍股份	19.68	19.48
300096	易联众	30.87	30.44
300097	智云股份	18.15	17.98
300098	高新兴	25.8	25.71
300099	尤洛卡	32.1	32.1
300100	双林股份	17.43	17.37
300101	国腾电子	29.3	29.44
300102	乾照光电	29.59	29.31
300103	达刚路机	16.1	16.18
300104	乐视网	22.23	21.63
300105	龙源技术	47.28	47.18
300106	西部牧业	16.27	16.27
300107	建新股份	18.45	18.37
300108	双龙股份	25.59	24.87
300109	新开源	18.08	17.95
300110	华仁药业	14.29	14.2
300111	向日葵	20.25	19.73
300112	万讯自控	12.49	12.36
300113	顺网科技	23.38	23.28
300114	中航电测	19.8	19.61
300115	长盈精密	26	25.81
300116	坚瑞消防	19.12	18.91
300117	嘉寓股份	14.03	13.91
300118	东方日升	21.54	21.5
300119	瑞普生物	21.35	21.05
300120	经纬电材	15.16	14.83
300121	阳谷华泰	14.33	13.75
300122	智飞生物	27.97	27.63
300123	太阳鸟	21.29	21.27
300124	汇川技术	68.9	68.99
300125	易世达	26.29	26.18
300126	锐奇股份	13.95	14
300127	银河磁体	18.14	18.1
300128	锦富新材	18.77	18.67
300129	泰胜风能	13.69	13.64
300130	新国都	20.27	19.85
300131	英唐智控	0	19.75
300132	青松股份	15.6	15.5
300133	华策影视	38.78	38.28
300134	大富科技	51.45	50.7
300135	宝利沥青	15.89	15.97
300136	信维通信	18.57	18.35
300137	先河环保	15.8	15.57
300138	晨光生物	27.98	27.7
300139	福星晓程	55.48	53.51
300140	启源装备	16.99	15.56
300141	和顺电气	28.99	28.4
300142	沃森生物	53.8	53.49
300143	星河生物	21.93	21.9
300144	宋城股份	19.72	19.49
300145	南方泵业	18.51	18.6
300146	汤臣倍健	56.99	54.88
300147	香雪制药	12.81	12.75
300148	天舟文化	13.25	13.09
300149	量子高科	13.29	13.46
300150	世纪瑞尔	28.21	28.06
300151	昌红科技	16.5	16.4
300152	燃控科技	28.32	28.3
300153	科泰电源	12.62	12.6
300154	瑞凌股份	14.68	14.61
300155	安居宝	11.85	11.81
300156	天立环保	23.5	24
300157	恒泰艾普	32	31.4
300158	振东制药	30.48	30.54
300159	新研股份	31.87	31.72
300160	秀强股份	31.82	31.65
300161	华中数控	0	29.17
300162	雷曼光电	25.2	24.91
300163	先锋新材	20.38	20.2
300164	通源石油	30.28	29.53
300165	天瑞仪器	24.58	24.38
300166	东方国信	43.75	43.3
300167	迪威视讯	23.44	23.05
300168	万达信息	20.51	20.05
300169	天晟新材	30.86	30.77
300170	汉得信息	16.59	16.41
300171	东富龙	40.9	40.4
300172	中电环保	19.65	19.6
300173	松德股份	12.89	12.86
300174	元力股份	24.29	24.37
300175	朗源股份	17.29	17.13
300176	鸿特精密	15.38	15.21
300177	中海达	40.79	40.32
300178	腾邦国际	20	20.02
300179	四方达	25.53	25.6
300180	华峰超纤	15.63	15.41
300181	佐力药业	19.98	19.82
300182	捷成股份	34.91	33.56
300183	东软载波	43.4	43.39
300184	力源信息	17.86	17.6
300185	通裕重工	17.51	17.01
300186	大华农	15.11	14.92
300187	永清环保	54.48	52.5
300188	美亚柏科	36.38	36.38
300189	神农大丰	19.06	18.8
300190	维尔利	46	45.55
300191	潜能恒信	31.38	31.01
300192	科斯伍德	17.05	16.81
300193	佳士科技	18.12	17.7
300194	福安药业	29.49	29.26
300195	长荣股份	40.58	40.55
300196	长海股份	0	18
300197	铁汉生态	66.5	66.26
300198	纳川股份	27.61	27.42
300199	翰宇药业	34.67	34.54
300200	高盟新材	16.85	16.75
300201	海伦哲	17.62	17.22
300202	聚龙股份	26.02	26
300203	聚光科技	15.68	15.48
300204	舒泰神	38.08	37.8
300205	天喻信息	31.3	30.55
300206	理邦仪器	30.28	30.12
300207	欣旺达	0	15.66
300208	恒顺电气	19.55	19.3
300209	天泽信息	25.9	25.32
300210	森远股份	0	20.67
300211	亿通科技	25.86	25.19
300212	易华录	26.74	26.38
300213	佳讯飞鸿	17.61	17.52
300214	日科化学	0	21.45
300215	电科院	77.6	76.3
300216	千山药机	32.9	33.24
300217	东方电热	28.98	27.6
300218	安利股份	16.92	16.95
300219	鸿利光电	16.3	16.2
300220	金运激光	28.62	28.36
300221	银禧科技	15.92	15.75
300222	科大智能	31.56	30.4
300223	北京君正	40.86	40.4
300224	正海磁材	22.6	22.22
300225	金力泰	26.72	26.39
300226	上海钢联	25.82	25.43
300227	光韵达	15.8	15.66
300228	富瑞特装	34	33.62
300229	拓尔思	16.22	16.12
300230	永利带业	15.76	15.7
300231	银信科技	26.2	25.48
300232	洲明科技	18.86	18.82
300233	金城医药	20.72	20.4
300234	开尔新材	17.97	17.81
300235	方直科技	28.78	28.34
300236	上海新阳	15.58	15.8
300237	美晨科技	32.12	31.35
