600000	浦发银行	9.74	9.69
600004	白云机场	7.92	7.89
600005	武钢股份	4.23	4.2
600006	东风汽车	4.5	4.48
600007	中国国贸	9.24	8.99
600008	首创股份	6.1	6.02
600009	上海机场	12.88	12.96
600010	包钢股份	8.37	8.39
600011	华能国际	5.8	5.46
600012	皖通高速	5.71	5.66
600015	华夏银行	11.15	11.08
600016	民生银行	5.63	5.58
600017	日照港	4.3	4.3
600018	上港集团	3.88	3.88
600019	宝钢股份	6.06	6.06
600020	中原高速	3.4	3.4
600021	上海电力	5.76	5.76
600022	济南钢铁	4.74	4.74
600026	中海发展	8.66	8.57
600027	华电国际	3.6	3.55
600028	中国石化	7.96	7.96
600029	南方航空	7.41	7.46
600030	中信证券	12.49	12.48
600031	三一重工	16.87	16.74
600033	福建高速	3.37	3.36
600035	楚天高速	4.8	4.84
600036	XD招商银	12.78	12.67
600037	歌华有线	10.49	10.57
600038	哈飞股份	25.56	23.6
600039	四川路桥	9	9.24
600048	保利地产	9.62	9.3
600050	中国联通	5.56	5.54
600051	宁波联合	13.77	13.41
600052	浙江广厦	4.43	4.38
600053	中江地产	8.07	8.27
600054	黄山旅游	16.93	16.85
600055	万东医疗	13.56	13.6
600056	中国医药	22.57	23.21
600058	五矿发展	34.69	35.81
600059	古越龙山	10.65	10.52
600060	海信电器	12.47	12.58
600061	中纺投资	11.27	11.23
600062	双鹤药业	26.02	25.87
600063	皖维高新	11.01	11.14
600064	南京高科	13.57	13.22
600066	宇通客车	21.52	21.24
600067	冠城大通	8.67	8.5
600068	葛洲坝	10.03	10.12
600069	银鸽投资	9.88	9.86
600070	浙江富润	10.11	10.1
600071	凤凰光学	10.69	10.66
600072	中船股份	24.88	22.62
600073	上海梅林	10.49	10.57
600074	*ST中达	4.2	4.2
600075	新疆天业	11.68	11.6
600076	ST华光	5.89	5.89
600077	ST百科	9.1	8.98
600078	澄星股份	9.51	9.26
600079	人福医药	23.19	22.75
600080	*ST金花	7.22	7.22
600081	东风科技	10.45	10.53
600082	海泰发展	5.38	5.34
600083	*ST博信	7.37	7.2
600084	*ST中葡	7.95	7.98
600085	同仁堂	33.34	33.21
600086	东方金钰	19.32	19.44
600087	长航油运	5.68	5.53
600088	中视传媒	12.45	12.63
600089	特变电工	13.11	13.21
600090	啤酒花	12.57	12.6
600091	*ST明科	6.12	5.84
600093	禾嘉股份	6.51	6.47
600095	哈高科	8.98	9.11
600096	云天化	18.36	18.28
600097	开创国际	14.85	15.11
600098	广州控股	6.94	7.05
600099	林海股份	10.2	9.95
600100	同方股份	10.84	10.77
600101	明星电力	17.08	16.94
600102	莱钢股份	9.27	9.26
600103	青山纸业	4.21	4.18
600104	上海汽车	17.07	17.37
600105	永鼎股份	11.53	11.43
600106	重庆路桥	9.28	9.4
600107	美尔雅	14.81	13.98
600108	亚盛集团	6.38	6.41
600109	国金证券	13.79	13.76
600110	中科英华	6.57	6.72
600111	包钢稀土	75.83	77.5
600112	长征电气	21.85	22.35
600113	浙江东日	8.15	7.82
600114	东睦股份	17.46	18.3
600115	东方航空	5.13	5.13
600116	三峡水利	16.68	17.24
600117	西宁特钢	8.6	8.58
600118	中国卫星	19.95	19.09
600119	长江投资	8.96	8.64
600120	浙江东方	8.22	8.37
600121	郑州煤电	10.36	10.29
600122	宏图高科	6.82	7.02
600123	兰花科创	36.28	36.68
600125	铁龙物流	10.65	11.16
600126	杭钢股份	5.13	5.13
600127	金健米业	8.52	8.65
600128	弘业股份	15.22	14.18
600129	太极集团	8.43	8.57
600130	ST波导	4.53	4.57
600131	岷江水电	8.38	8.43
600132	重庆啤酒	57.15	54.47
600133	东湖高新	8.79	8.79
600135	乐凯胶片	15.6	15.55
600136	道博股份	10.56	10.61
600137	浪莎股份	16.43	16.39
600138	中青旅	13.54	13.56
600139	西部资源	22.18	21.66
600141	兴发集团	19.11	18.98
600143	金发科技	15.97	15.86
600145	*ST四维	9.05	8.85
600146	大元股份	24.01	22.8
600148	长春一东	13.36	13.25
600149	*ST建通	6.18	6.31
600150	中国船舶	71.03	68.94
600151	航天机电	10.93	10.77
600152	维科精华	13.16	13.2
600153	建发股份	8.13	8.12
600155	*ST宝硕	5.9	5.92
600156	华升股份	6.14	6.12
600157	永泰能源	24.16	24.14
600158	中体产业	6.83	6.56
600159	大龙地产	4.48	4.37
600160	巨化股份	29.08	28.67
600161	天坛生物	17.31	17.37
600162	香江控股	5.1	5.09
600163	福建南纸	4.9	4.84
600165	宁夏恒力	8.2	8.22
600166	福田汽车	8.34	8.48
600167	联美控股	16.34	16.65
600168	武汉控股	8.33	8.03
600169	太原重工	10.01	9.3
600170	上海建工	14.17	13.92
600171	上海贝岭	7.4	7.28
600172	黄河旋风	16.18	15.89
600173	卧龙地产	5.46	5.41
600175	美都控股	4.14	4.15
600176	中国玻纤	27.78	27.99
600177	雅戈尔	9.89	9.81
600178	东安动力	9.2	8.99
600179	ST黑化	11.07	11.18
600180	*ST九发	8.81	8.73
600182	S佳通	9.26	9.32
600183	生益科技	9.1	9.08
600184	光电股份	34.12	33.82
600185	格力地产	7.39	7.26
600186	莲花味精	5.56	5.57
600187	国中水务	13.06	12.74
600188	兖州煤业	32.13	32.6
600189	吉林森工	9.95	9.82
600190	锦州港	4.5	4.51
600191	华资实业	7.2	6.87
600192	长城电工	8.34	8.32
600193	创兴资源	15.3	14.88
600195	中牧股份	24.04	23.87
600196	复星医药	10.77	10.79
600197	伊力特	12.32	12.33
600198	大唐电信	13.57	13.64
600199	金种子酒	15.9	15.89
600200	江苏吴中	12.01	12.22
600201	金宇集团	13.19	13.04
600202	哈空调	9.26	9.51
600203	*ST福日	6.75	6.86
600206	有研硅股	16.15	15.49
600207	ST安彩	7.91	7.53
600208	新湖中宝	5.83	5.86
600209	*ST罗顿	6.59	6.42
600210	紫江企业	5.89	5.84
600211	西藏药业	13.72	13.86
600212	江泉实业	5.53	5.68
600213	亚星客车	11.3	11.49
600215	长春经开	6.25	6.21
600216	浙江医药	32.36	31.83
600217	*ST秦岭	6.5	6.33
600218	全柴动力	15.72	16.17
600219	南山铝业	9.37	9.38
600220	江苏阳光	5.13	5.09
600221	海南航空	7.04	7.02
600222	太龙药业	6.31	6.34
600223	鲁商置业	8.45	8.48
600225	天津松江	7.15	7.2
600226	升华拜克	10.79	10.35
600227	赤天化	6.13	6.11
600228	*ST昌九	8.63	8.5
600229	青岛碱业	11.23	10.69
600230	沧州大化	12.13	11.53
600231	凌钢股份	8.5	8.41
600232	金鹰股份	6.88	7
600233	大杨创世	16.21	15.71
600234	ST天龙	5.96	5.78
600235	民丰特纸	7.96	7.96
600236	桂冠电力	5.43	5.48
600237	铜峰电子	7.49	7.64
600238	海南椰岛	10.6	10.45
600239	云南城投	14.4	14.2
600240	华业地产	9.52	9.44
600241	时代万恒	12.73	12.68
600242	中昌海运	9.77	9.98
600243	青海华鼎	9.03	9.09
600246	万通地产	4.99	4.93
600247	成城股份	6.6	6.59
600248	延长化建	10.16	10.15
600249	两面针	7.12	7.06
600250	南纺股份	7.95	8
600251	冠农股份	28.59	28.59
600252	中恒集团	33.29	33.45
600253	天方药业	7.84	7.77
600255	鑫科材料	9.98	10.02
600256	广汇股份	22.7	22.8
600257	大湖股份	7.8	7.9
600258	首旅股份	17.31	17.27
600259	广晟有色	69.09	72.49
600260	凯乐科技	6.72	6.73
600261	阳光照明	19.74	19.15
600262	北方股份	18.53	17.94
600263	路桥建设	14.71	14.81
600265	景谷林业	11.5	11.61
600266	北京城建	13.47	13.29
600267	海正药业	36.16	35.61
600268	国电南自	12.84	12.56
600269	赣粤高速	5.02	4.99
600270	外运发展	8.43	8.61
600271	航天信息	25.24	24.9
600272	开开实业	13.13	12.9
600273	华芳纺织	9.41	9.75
600275	ST昌鱼	5.02	5.02
600276	恒瑞医药	30.36	30
600277	亿利能源	12.67	12.8
600278	东方创业	9.83	9.85
600279	重庆港九	10.2	10.35
600280	南京中商	24.06	24.35
600281	*ST太化	9.18	9.18
600282	南钢股份	3.95	3.96
600283	钱江水利	13.21	13.21
600284	浦东建设	15.01	15.01
600285	羚锐制药	11.7	11.29
600287	江苏舜天	9.91	10.08
600288	大恒科技	9.95	9.75
600289	亿阳信通	8.72	8.79
600290	华仪电气	15.87	15.67
600291	西水股份	10.02	9.96
600292	九龙电力	15.25	15.22
600293	三峡新材	13.29	13.27
600295	鄂尔多斯	17.71	17.43
600297	美罗药业	9.26	9.24
600298	安琪酵母	34.01	33.94
600299	*ST新材	12.43	12.43
600300	维维股份	5.38	5.33
600301	*ST南化	7.07	6.93
600302	标准股份	7.65	7.78
600303	曙光股份	8.12	8.26
600305	恒顺醋业	14.7	14.79
600306	商业城	19.73	19.65
600307	酒钢宏兴	5.37	5.42
600308	华泰股份	9.87	9.56
600309	烟台万华	16.67	16.56
600310	桂东电力	16.19	16.16
600311	荣华实业	13.39	13.65
600312	平高电气	10.21	10.39
600315	上海家化	36.88	36.88
600316	洪都航空	30.4	29.47
600317	营口港	5.7	5.69
600318	巢东股份	16.58	16.72
600319	亚星化学	8.69	8.41
600320	振华重工	6.65	6.57
600321	国栋建设	6.78	6.84
600322	天房发展	5.02	4.67
600323	南海发展	13.95	13.91
600325	华发股份	10.18	10.05
600326	西藏天路	13.64	13.61
600327	大东方	9.74	9.64
600328	兰太实业	11.19	11.21
600329	中新药业	12.04	12.01
600330	天通股份	12.43	12.55
600331	宏达股份	14.21	14.83
600332	广州药业	15.46	15.28
600333	长春燃气	9.49	9.62
600335	*ST盛工	15.11	15.11
600336	澳柯玛	7.08	7.09
600337	美克股份	10.37	10.44
600338	ST珠峰	14.34	14.34
600339	天利高新	11.82	11.83
600340	ST国祥	8.69	8.76
600343	航天动力	18.06	17.47
600345	长江通信	13.83	13.64
600346	大橡塑	12.9	12.61
600348	国阳新能	23.57	23.72
600350	山东高速	4.48	4.47
600351	亚宝药业	7.19	7.18
600352	浙江龙盛	9.92	9.54
600353	旭光股份	16.41	16.11
600354	敦煌种业	24.08	24.57
600355	*ST精伦	6.91	6.69
600356	恒丰纸业	8.18	8.28
600358	国旅联合	5.39	5.27
600359	新农开发	13.47	13.51
600360	华微电子	6.17	6.04
600361	华联综超	8.87	8.96
600362	江西铜业	33.1	33.63
600363	联创光电	10.8	10.82
600365	*ST通葡	11.15	11.48
600366	宁波韵升	18.04	18.08
600367	红星发展	18.24	18.38
600368	五洲交通	6.77	6.75
600369	西南证券	11.87	11.87
600370	三房巷	6.52	6.44
600371	万向德农	12.8	12.8
600372	中航电子	46.32	46.5
600373	中文传媒	14.61	14.87
600375	星马汽车	19	19.21
600376	首开股份	11.55	11.68
600377	宁沪高速	5.94	6.08
600378	天科股份	12.77	13.01
600379	宝光股份	12.43	12.3
600380	健康元	9.28	9.25
600381	ST贤成	9.23	9.19
600382	广东明珠	9.31	9.31
600383	金地集团	5.86	5.73
600385	ST金泰	5.97	5.99
600386	北巴传媒	8.54	8.54
600387	海越股份	12.81	12.82
600388	龙净环保	26.29	26.63
600389	江山股份	10.18	10.53
600390	金瑞科技	18.8	18.71
600391	成发科技	21.84	20.95
600392	太工天成	23.36	24.01
600393	东华实业	7	6.89
600395	盘江股份	29.51	29.42
600396	金山股份	8	8.13
600397	安源股份	16.13	16.01
600398	凯诺科技	5.34	5.32
600399	抚顺特钢	6.8	6.83
600400	红豆股份	7.4	7.29
600403	大有能源	32.67	32.81
600405	动力源	9.3	9.14
600406	国电南瑞	34.58	34.54
600408	安泰集团	7.22	7.15
600409	三友化工	10.44	9.99
600410	华胜天成	14.38	14.01
600415	小商品城	23.46	23.31
600416	湘电股份	25.82	25.83
600418	江淮汽车	10.02	9.84
600419	ST天宏	11.01	11.05
600420	现代制药	13.14	13.35
600421	ST国药	5.9	5.81
600422	昆明制药	11.52	11.71
600423	柳化股份	8.24	8.19
600425	青松建化	22.34	22.76
600426	华鲁恒升	15.48	15.19
600428	中远航运	7.1	7.12
600429	三元股份	8.52	8.96
600432	吉恩镍业	22.09	21.98
600433	冠豪高新	8.75	8.71
600435	中兵光电	12.07	11.71
600436	片仔癀	63.04	62.69
600438	通威股份	7.56	7.46
600439	瑞贝卡	10.2	10.01
600444	*ST国通	13.25	13.12
600446	金证股份	11.76	11.79
600448	华纺股份	6.32	6.27
600449	赛马实业	31.89	31.92
600452	涪陵电力	11.71	11.88
600456	宝钛股份	26.53	25.9
600458	时代新材	18.37	18.11
600459	贵研铂业	23.76	23.5
600460	士兰微	16.39	16.2
600461	洪城水业	10.32	10.34
600462	*ST石岘	6	6.12
600463	空港股份	6.89	6.92
600466	迪康药业	13.01	13.73
600467	好当家	11.15	11.2
600468	百利电气	33.22	33.41
600469	风神股份	11.63	11.57
600470	六国化工	13.7	13.32
600475	华光股份	20.15	20.06
600476	湘邮科技	12.76	11.6
600477	杭萧钢构	8.47	8.55
600478	科力远	24.77	24.79
600479	千金药业	12.7	12.63
600480	凌云股份	13.04	12.69
600481	XD双良节	13.37	13.37
600482	风帆股份	15.03	14.59
600483	福建南纺	8.32	8.8
600485	中创信测	14.42	14.08
600486	扬农化工	21.16	21.03
600487	亨通光电	24.68	24.81
600488	天药股份	7.91	7.84
600489	中金黄金	26.83	27.03
600490	*ST合臣	21.97	22.27
600491	龙元建设	6.28	6.29
600493	凤竹纺织	6.59	6.37
600495	晋西车轴	15.83	15.66
600496	精工钢构	10.63	10.63
600497	驰宏锌锗	27.17	27
600498	烽火通信	26.76	27
600499	科达机电	14.78	14.78
600500	中化国际	10.22	10.28
600501	航天晨光	12.33	12.01
600502	安徽水利	11.69	11.65
600503	华丽家族	21.54	20.74
600505	西昌电力	12.16	12.14
600506	ST香梨	11.18	11.1
600507	方大特钢	5.68	5.65
600508	上海能源	23.86	23.99
600509	天富热电	10.68	10.68
600510	黑牡丹	9.27	9.05
600511	国药股份	16.16	16.3
600512	腾达建设	4.62	4.51
600513	联环药业	16.2	16.81
600515	ST筑信	7.02	6.99
600516	方大炭素	12.69	12.69
600517	置信电气	12.12	12.11
600518	康美药业	13.21	12.89
600519	贵州茅台	202.56	201.82
600520	中发科技	12.17	12.83
600521	华海药业	13.62	13.54
600522	中天科技	24.06	23.67
600523	贵航股份	19.24	18.58
600525	长园集团	7.69	7.79
600526	菲达环保	12.78	13.18
600527	江南高纤	9.95	10.12
600528	中铁二局	8.81	8.74
600529	山东药玻	12.73	12.74
600530	交大昂立	9.72	9.73
600531	豫光金铅	24.89	25.08
600532	华阳科技	14.69	15.39
600533	栖霞建设	4.87	4.87
600535	天士力	40.81	41.05
600536	中国软件	16.9	17.06
600537	海通集团	32.84	32.84
600538	*ST国发	6.94	6.77
600539	狮头股份	9.51	9.82
600540	新赛股份	12.18	12.16
600543	莫高股份	10.72	10.68
600545	新疆城建	8.72	8.72
600546	山煤国际	29.04	29.72
600547	山东黄金	45.63	46.03
600548	深高速	4.76	4.73
600549	厦门钨业	42.76	44.12
600550	天威保变	18.45	18.51
600551	时代出版	11.93	11.79
600552	方兴科技	24.32	24.67
600555	九龙山	4.9	4.9
600557	康缘药业	14.73	14.78
600558	大西洋	14.24	14.15
600559	老白干酒	29.18	28.92
600560	金自天正	12.91	13.06
600561	江西长运	11.24	11.22
600562	*ST高陶	35.08	34.65
600563	法拉电子	21.35	21.66
600565	迪马股份	4.94	5.05
600566	洪城股份	10.76	10.76
600567	山鹰纸业	4.9	4.87
600568	中珠控股	16.41	15.69
600569	安阳钢铁	3.58	3.59
600570	恒生电子	14.24	14.05
600571	信雅达	11.12	11.04
600572	康恩贝	13.79	14.41
600573	惠泉啤酒	9.95	9.87
600575	芜湖港	18.14	17.99
600576	万好万家	16.79	16.74
600577	精达股份	9.9	9.71
600578	京能热电	10.8	10.16
600579	ST黄海	8.66	8.41
600580	卧龙电气	13.73	13.64
600581	八一钢铁	13.42	13.36
600582	天地科技	22.14	21.95
600583	海油工程	6.24	6.22
600584	长电科技	8.31	8.34
600585	海螺水泥	35.1	34.89
600586	金晶科技	8.1	7.63
600587	新华医疗	33.48	33.91
600588	用友软件	20.25	20.23
600589	广东榕泰	9.82	9.51
600590	泰豪科技	10.96	10.6
600592	龙溪股份	10.94	11.04
600593	大连圣亚	14.16	13.65
600594	益佰制药	18.88	19.15
600595	中孚实业	10.12	10.08
600596	新安股份	10.95	10.83
600597	光明乳业	8.45	8.58
600598	北大荒	14.28	14.42
600599	熊猫烟花	13.89	13.8
600600	青岛啤酒	35.44	35.01
600601	方正科技	3.81	3.8
600602	广电电子	6.64	6.66
600603	ST兴  业	8.07	7.99
600604	*ST二纺	6.04	5.97
600605	汇通能源	13.06	13.06
600606	金丰投资	6.23	6.17
600608	*ST沪科	6.88	6.7
600609	*ST金杯	5.09	4.9
600610	SST中纺	17.7	17.97
600611	大众交通	6.96	7.01
600612	老凤祥	33.75	32.75
600613	永生投资	12.36	11.93
600614	鼎立股份	15.38	15.38
600615	丰华股份	10.29	10.2
600616	金枫酒业	11.77	11.54
600617	*ST联华	12.3	12.5
600618	氯碱化工	18.35	18.19
600619	海立股份	13.3	13.6
600620	天宸股份	5.7	5.72
600621	上海金陵	7.03	7.18
600622	嘉宝集团	8.23	8.2
600623	双钱股份	14.5	14.69
600624	复旦复华	7.85	7.85
600626	申达股份	5.39	5.12
600628	新世界	10.3	10.37
600629	棱光实业	12.11	12.03
600630	龙头股份	7.53	7.56
600631	百联股份	14.52	14.35
600635	大众公用	6.12	6.11
600636	三爱富	36.09	35.33
600637	广电信息	11.66	11.62
600638	新黄浦	9.43	9.4
600639	浦东金桥	9.98	10.25
600640	中卫国脉	12.22	12.52
600641	万业企业	9.34	9.28
600642	申能股份	7.73	7.64
600643	爱建股份	9.35	9.34
600644	乐山电力	14.09	14.08
600645	ST中源	19.09	19
600647	同达创业	12.56	12.03
600648	外高桥	13.58	13.72
600649	城投控股	7.95	7.77
600650	锦江投资	10.22	10.33
600651	飞乐音响	9.94	9.96
600652	爱使股份	6.96	7.06
600653	申华控股	3.44	3.45
600654	飞乐股份	6.3	6.35
600655	豫园商城	11.53	11.33
600656	ST方源	13.66	14.26
600657	信达地产	6.18	6.06
600658	电子城	9.4	9.3
600660	福耀玻璃	9.96	9.87
600661	新南洋	9.27	9.08
600662	强生控股	6.64	6.66
600663	陆家嘴	14.82	14.87
600664	哈药股份	15.84	15.74
600665	天地源	5.02	4.86
600666	西南药业	9.34	9.57
600667	太极实业	8.18	8.39
600668	尖峰集团	10.21	10.15
600671	*ST天目	11.01	11.01
600673	东阳光铝	15.17	15.54
600674	川投能源	13.95	13.89
600675	中华企业	6.61	6.56
600676	交运股份	6.76	6.83
600677	航天通信	10.92	10.74
600678	*ST金顶	5.45	5.43
600679	金山开发	10.2	10.42
600680	上海普天	10.31	10.56
600682	南京新百	11.76	11.78
600683	京投银泰	8.1	8.04
600684	珠江实业	14.17	14.03
600685	广船国际	28.87	27.63
600686	金龙汽车	8.24	8.16
600687	刚泰控股	14.15	14.15
600688	S上石化	8.83	8.85
600689	上海三毛	11.65	11.63
600690	青岛海尔	25.56	25.67
600691	*ST东碳	13.59	13.6
600692	亚通股份	7.33	7.22
600693	东百集团	8.94	9.15
600694	大商股份	40.78	40.61
600695	大江股份	8.64	9.01
600696	多伦股份	6.74	6.8
600697	欧亚集团	26.86	27.53
600698	*ST轻骑	5	4.94
600699	*ST得亨	10.27	10.19
600701	工大高新	5.68	5.75
600702	沱牌曲酒	19.39	19.21
600703	三安光电	16.51	16.34
600704	物产中大	16.45	16.62
600706	ST长信	13.95	13.87
600707	彩虹股份	12.2	12.46
600708	海博股份	6.99	6.99
600710	常林股份	10.81	10.68
600711	雄震矿业	25.2	24.72
600712	南宁百货	10.12	10.09
600713	南京医药	12.55	12.16
600714	金瑞矿业	25.5	24.76
600715	*ST松辽	8	8.1
600716	凤凰股份	6.8	6.98
600717	天津港	8.27	8.23
600718	东软集团	10.98	11.1
600719	大连热电	10.84	10.94
600720	祁连山	16.83	16.96
600721	百花村	22.17	22.37
600722	ST金化	7.15	7.06
600723	西单商场	12.74	12.68
600724	宁波富达	8.23	8.12
600725	云维股份	8.96	8.99
600726	华电能源	3.77	3.75
600728	ST新太	12.19	12.04
600729	重庆百货	42.3	42.31
600730	中国高科	9.69	9.37
600731	湖南海利	7.82	7.82
600732	上海新梅	8.46	8.43
600733	S前锋	19.76	19.67
600734	实达集团	5.56	5.58
600735	新华锦	11.85	11.86
600736	苏州高新	6.24	6.21
600737	中粮屯河	10.26	10.16
600738	兰州民百	10.39	10.17
600739	辽宁成大	26.41	26.34
600740	山西焦化	14.02	14.37
600741	华域汽车	10.08	10.35
600742	一汽富维	25.99	26.01
600743	华远地产	4.73	4.68
600744	华银电力	4.59	4.61
600745	中茵股份	8.6	8.69
600746	江苏索普	8.85	8.94
600747	大连控股	8.22	7.97
600748	上实发展	7.56	7.52
600749	西藏旅游	13.3	13.4
600750	江中药业	26.02	25.65
600751	SST天海	10.42	10.42
600753	东方银星	9.04	8.92
600754	锦江股份	17.45	17.77
600755	厦门国贸	7.85	7.78
600756	浪潮软件	13.28	13.33
600757	*ST源发	8.45	8.52
600758	红阳能源	13.32	13.72
600759	正和股份	5.31	5.3
600760	中航黑豹	13.17	12.6
600761	安徽合力	16.82	16.51
600763	通策医疗	17.69	17.8
600764	中电广通	9.25	9.12
600765	中航重机	14.88	14.5
600766	ST园城	8.56	8.5
600767	运盛实业	5.75	5.75
600768	宁波富邦	12.78	12.66
600769	*ST祥龙	6.82	6.71
600770	综艺股份	19.47	19.59
600771	ST东盛	10.68	10.17
600773	西藏城投	21.22	21.62
600774	汉商集团	9.57	9.58
600775	南京熊猫	7.18	7.18
600776	东方通信	7.21	7.17
600777	新潮实业	5.53	5.47
600778	友好集团	11.71	11.59
600779	水井坊	20.02	19.91
600780	通宝能源	6.35	6.46
600781	上海辅仁	11.48	11.51
600782	新钢股份	6.93	6.79
600783	鲁信创投	46.09	45.27
600784	鲁银投资	16.13	16.4
600785	新华百货	26.4	26.84
600787	中储股份	9.33	9.67
600789	鲁抗医药	8.3	8.66
600790	轻纺城	8.22	8.21
600791	京能置业	5.67	5.53
600792	*ST马龙	12.71	12.91
600793	ST宜纸	10.04	9.63
600794	保税科技	14.29	13.99
600795	国电电力	3.05	3.01
600796	钱江生化	8.08	8.05
600797	浙大网新	7.06	7.12
600798	宁波海运	4.71	4.68
600800	ST磁卡	6.39	6.43
600801	华新水泥	21.37	21.37
600802	福建水泥	10.26	10.17
600803	威远生化	12.75	12.76
600804	鹏博士	7.98	7.86
600805	悦达投资	13.39	13.47
600806	昆明机床	11.12	10.82
600807	天业股份	10.18	9.85
600808	马钢股份	3.47	3.45
600809	山西汾酒	67.73	67.63
600810	神马股份	14.96	14.91
600811	东方集团	7.06	7.04
600812	华北制药	11.49	11.19
600814	杭州解百	7.66	7.61
600815	厦工股份	13.8	13.61
600816	安信信托	18.76	18.88
600818	中路股份	13.4	13.55
600819	耀皮玻璃	12.7	12.64
600820	隧道股份	10.25	10.17
600821	津劝业	6.76	6.69
600822	上海物贸	8.15	8.24
600823	世茂股份	13.71	14.04
600824	益民集团	6.13	6.18
600825	新华传媒	6.96	6.99
600826	兰生股份	11.12	11.25
600827	友谊股份	16.46	16.34
600828	成商集团	11.53	11.5
600829	三精制药	19.48	19.32
600830	香溢融通	10.07	10.05
600831	广电网络	9.83	10.02
600832	东方明珠	8.05	8.05
600833	第一医药	12.62	12.57
600834	申通地铁	9.68	9.73
600835	上海机电	11.43	11.3
600836	界龙实业	9.83	9.72
600837	海通证券	8.69	8.73
600838	上海九百	8.7	8.72
600839	四川长虹	4.05	4.06
600841	上柴股份	15.64	15.27
600843	上工申贝	12.6	12.77
600844	丹化科技	15.89	15.54
600845	宝信软件	17.04	17.17
600846	同济科技	5.98	5.98
600847	ST渝万里	10.73	10.5
600848	自仪股份	10.51	10.96
600850	华东电脑	17.57	17.43
600851	海欣股份	9.59	9.69
600853	龙建股份	4.28	4.25
600854	ST春兰	5.41	5.43
600855	航天长峰	10.59	10.28
600856	长百集团	6.3	6.21
600857	工大首创	10.27	10.69
600858	银座股份	19.62	19.66
600859	王府井	39.96	39.8
600860	ST北人	7.25	7.16
600861	北京城乡	9.77	9.57
600862	南通科技	11.9	11.44
600863	内蒙华电	8.51	8.7
600864	哈投股份	9.64	10.11
600865	百大集团	6.97	6.86
600866	星湖科技	10.02	9.99
600867	通化东宝	8.44	8.38
600868	ST梅雁	3.7	3.75
600869	三普药业	25.49	25.05
600870	ST厦华	5.79	5.83
600871	S仪化	9.22	9.27
600872	中炬高新	6.83	6.81
600873	梅花集团	12.3	12.64
600874	创业环保	6.23	6.37
600875	东方电气	24.36	24.55
600876	洛阳玻璃	11.2	11.11
600877	中国嘉陵	8.59	8.49
600879	航天电子	11.81	11.12
600880	博瑞传播	13.66	13.84
600881	亚泰集团	7.31	7.22
600882	大成股份	13.98	14.73
600883	博闻科技	10.6	10.73
600884	杉杉股份	16.69	16.68
600885	*ST力阳	7.25	7.16
600886	国投电力	7.19	7.13
600887	伊利股份	36.17	35.68
600888	新疆众和	22.43	22.49
600889	南京化纤	9.53	9.52
600890	ST中房	6.31	6.25
600891	ST秋林	13.17	12.81
600892	*ST宝诚	16.18	16
600893	航空动力	30.27	29.09
600894	广钢股份	7.41	7.3
600895	张江高科	9.25	9.23
600896	中海海盛	5.84	5.81
600897	厦门空港	14.37	14.32
600900	长江电力	7.41	7.34
600960	渤海活塞	12.5	12.57
600961	株冶集团	17.39	16.53
600962	国投中鲁	15.86	15.65
600963	岳阳纸业	8.45	8.33
600965	福成五丰	7.84	7.84
600966	博汇纸业	7.32	7.26
600967	北方创业	18.45	16.77
600969	郴电国际	19.63	19.76
600970	中材国际	28.1	27.89
600971	恒源煤电	38.11	38.16
600973	宝胜股份	15.35	15.51
600975	新五丰	13.51	13.38
600976	武汉健民	18.99	18.9
600978	宜华木业	5.85	5.85
600979	广安爱众	7.33	7.43
600980	北矿磁材	22.25	22.25
600981	江苏开元	6.39	6.47
600982	宁波热电	11.61	11.79
600983	合肥三洋	10.97	10.81
600984	*ST建机	8.83	8.83
600985	雷鸣科化	15.09	15.02
600986	科达股份	7.24	7.33
600987	航民股份	7.55	7.59
600988	*ST宝龙	9.9	9.97
600990	四创电子	22.85	22.84
600991	广汽长丰	15.05	15.17
600992	贵绳股份	9.91	10
600993	马应龙	18.65	18.6
600995	文山电力	10.86	10.87
600997	开滦股份	16.38	16.45
600998	九州通	11.65	11.66
600999	招商证券	17.81	17.65
601000	唐山港	6.99	6.85
601001	大同煤业	17.29	17.19
601002	晋亿实业	19.11	18.62
601003	柳钢股份	5.63	5.62
601005	重庆钢铁	4.06	4.08
601006	大秦铁路	8.52	8.41
601007	金陵饭店	9.13	9.06
601008	连云港	8.62	8.46
601009	南京银行	9.09	9.01
601010	文峰股份	16.94	17.02
601011	宝泰隆	17.19	18.13
601018	宁波港	3.05	3.05
601088	中国神华	28.21	28.15
601098	中南传媒	9.78	9.57
601099	太平洋	9.6	9.54
601101	昊华能源	53.88	54.56
601106	中国一重	4.71	4.63
601107	四川成渝	5.89	5.88
601111	XD中国国	9.16	9.09
601113	华鼎锦纶	12.88	12.68
601116	三江购物	12.11	12.33
601117	中国化学	7.3	7.17
601118	海南橡胶	11.36	11.25
601126	四方股份	17.11	17.29
601137	博威合金	21.32	21.1
601139	深圳燃气	10.72	10.87
601158	重庆水务	8.4	8.28
601166	兴业银行	13.23	13.11
601168	西部矿业	14.5	14.32
601169	北京银行	10.4	10.28
601177	杭齿前进	14.88	14.64
601179	中国西电	6.09	6.09
601186	中国铁建	6	6.04
601188	龙江交通	3.73	3.75
601199	江南水务	16.33	16.45
601208	东材科技	20.21	20.58
601216	内蒙君正	21.38	21.56
601218	吉鑫科技	18.45	18.39
601233	桐昆股份	25.41	24.95
601258	庞大集团	31.89	32.5
601268	二重重装	9.54	9.36
601288	农业银行	2.73	2.73
601299	中国北车	6.65	6.58
601311	骆驼股份	16.34	16.16
601318	中国平安	47.43	47.03
601328	交通银行	5.62	5.55
601333	广深铁路	4	3.89
601369	陕鼓动力	11.86	11.75
601377	兴业证券	15.24	15.1
601390	中国中铁	4.06	4.06
601398	工商银行	4.42	4.37
601518	吉林高速	3.86	3.89
601519	大智慧	14.21	14.41
601558	华锐风电	27.95	28.47
601566	九牧王	20.64	20.3
601588	北辰实业	3.55	3.53
601599	鹿港科技	14.63	13.3
601600	中国铝业	10.5	10.88
601601	中国太保	21.16	21.15
601607	上海医药	16.63	16.65
601616	广电电气	15.16	14.96
601618	中国中冶	3.81	3.8
601628	中国人寿	18.62	18.55
601666	平煤股份	17.65	17.68
601668	中国建筑	3.7	3.68
601678	滨化股份	15.87	16.2
601688	华泰证券	12.06	12.05
601699	潞安环能	57.04	57.35
601700	风范股份	22.61	22.57
601717	郑煤机	32.76	32.91
601718	际华集团	4.23	4.07
601727	上海电气	6.74	6.71
601766	中国南车	6.94	6.94
601777	力帆股份	10.21	10.28
601788	光大证券	13.77	13.71
601799	星宇股份	19.33	19.32
601801	皖新传媒	13.48	13.24
601808	中海油服	18.07	18.4
601818	光大银行	3.43	3.39
601857	中国石油	10.83	10.81
601866	中海集运	3.63	3.7
601872	招商轮船	3.97	3.95
601877	正泰电器	17.22	17.29
601880	大连港	3.7	3.71
601888	中国国旅	22.99	23.08
601890	亚星锚链	12.99	12.53
601898	中煤能源	9.81	9.82
601899	紫金矿业	7.13	7.19
601918	国投新集	12.86	12.87
601919	中国远洋	8.52	8.51
601933	永辉超市	23.02	23.51
601939	建设银行	4.91	4.93
601958	金钼股份	20.37	20.19
601988	XD中国银	3.16	3.19
601989	中国重工	12.42	11.91
601991	大唐发电	5.94	6
601992	金隅股份	12.21	12.26
601998	中信银行	4.92	4.91
601999	出版传媒	9.01	8.74
1	深发展Ａ	16.53	16.55
2	万  科Ａ	8	7.9
4	国农科技	14.16	15.46
5	世纪星源	0	3.86
6	深振业Ａ	7.22	7.15
7	ST零七	0	8.77
8	ST宝利来	11.52	11.58
9	中国宝安	16.63	16.76
10	S ST华新	0	14.63
11	深物业A	11.79	11.3
12	南  玻Ａ	15.23	15.21
14	沙河股份	7.98	7.84
16	深康佳Ａ	4.47	4.51
17	*ST中华A	5.07	4.91
18	ST中冠A	7.25	7.2
19	深深宝Ａ	10.11	10.24
20	深华发Ａ	8.26	8.26
21	长城开发	8.42	8.42
22	深赤湾Ａ	13.73	13.91
23	深天地Ａ	8.25	8.17
24	招商地产	16.37	16.21
25	特  力Ａ	11.21	11.61
26	飞亚达Ａ	14.39	14.16
27	深圳能源	9.38	9.36
28	一致药业	26.82	28.7
29	深深房Ａ	4.98	4.9
30	*ST盛润A	0	9.07
31	中粮地产	5.68	5.62
32	深桑达Ａ	8.26	8.25
33	新都酒店	6.35	6.35
34	深信泰丰	7.22	7.34
35	*ST科健	9.53	9.62
36	华联控股	3.81	3.8
37	深南电Ａ	5.25	5.29
39	中集集团	20.22	20.1
40	深 鸿 基	0	5.45
42	深 长 城	17.25	17
43	中航地产	0	12.24
45	深纺织Ａ	10.72	10.63
46	泛海建设	8.97	8.93
48	ST康达尔	9.74	9.7
49	德赛电池	22.26	22.79
50	深天马Ａ	10.39	10.64
55	方大集团	6.21	6.2
56	深 国 商	24.05	24.87
58	深 赛 格	0	5.51
59	辽通化工	12.8	12.53
60	中金岭南	12.79	12.78
61	农 产 品	16.48	16.52
62	深圳华强	7.75	7.61
63	中兴通讯	26.2	26.27
65	北方国际	20.37	20.02
66	长城电脑	7.52	7.57
68	ST三星	0	6.81
69	华侨城Ａ	7.53	7.45
70	特发信息	9.51	9.58
78	海王生物	10.22	10.15
88	盐 田 港	6.2	6.23
89	深圳机场	5.52	5.5
90	深 天 健	10.72	10.75
96	广聚能源	5.98	6.01
99	中信海直	10.5	10.15
100	TCL 集团	3.03	3.17
150	宜华地产	5.52	5.42
151	中成股份	10.41	10.34
153	丰原药业	9.27	9.46
155	川化股份	7.85	8.11
157	中联重科	14.03	13.81
158	常山股份	6.38	6.44
159	国际实业	14.17	14.14
301	东方市场	4.31	4.3
338	潍柴动力	45.17	44.75
400	许继电气	29.2	29.4
401	冀东水泥	21.51	21.56
402	金 融 街	6.98	6.91
404	华意压缩	7.48	7.31
407	胜利股份	5.4	5.34
408	ST金谷源	11.5	11.74
409	*ST泰复	8.25	8.28
410	沈阳机床	10.83	10.82
411	英特集团	12.73	13
413	宝  石Ａ	12.81	12.63
415	ST汇通	13.07	12.88
416	民生投资	7.22	7.15
417	合肥百货	17.69	17.86
418	小天鹅Ａ	15.96	15.81
419	通程控股	0	7.45
420	吉林化纤	7.18	6.99
421	南京中北	5.79	5.77
422	湖北宜化	19.2	18.93
423	东阿阿胶	41.86	41.52
425	徐工机械	23.57	23.38
426	富龙热电	16.28	16.07
428	华天酒店	6	6
429	粤高速Ａ	0	4.87
430	ST张家界	7.95	7.79
488	晨鸣纸业	7.13	7.14
501	鄂武商Ａ	19.11	19.9
502	绿景地产	7.02	6.94
503	海虹控股	9.19	9.24
504	ST传媒	9.53	9.44
505	ST珠江	6.07	5.99
506	中润投资	12.61	12.8
507	珠海港	11.68	11.69
509	S*ST华塑	10.77	11.34
510	金路集团	8.2	7.98
511	银基发展	3.36	3.35
513	丽珠集团	26.8	27.3
514	渝 开 发	7.39	7.37
516	开元控股	5.34	5.23
517	荣安地产	8.48	8.42
518	四环生物	7.77	7.33
519	江南红箭	14.61	13.8
520	长航凤凰	5	5
521	美菱电器	8.96	9.13
522	白云山Ａ	14.97	15.05
523	广州浪奇	11.2	11.09
524	东方宾馆	9.74	9.75
525	红 太 阳	13.89	13.83
526	旭飞投资	0	12.35
527	美的电器	17.63	17.62
528	柳    工	21.52	20.48
529	广弘控股	7.3	7.31
530	大冷股份	11.05	10.86
531	穗恒运Ａ	10.97	11.11
532	力合股份	10.8	10.5
533	万 家 乐	7.48	7.35
534	万泽股份	0	7.37
536	华映科技	21.96	21.55
537	广宇发展	7.9	7.78
538	云南白药	58.2	58
539	粤电力Ａ	5.6	5.63
540	中天城投	14.69	14.5
541	佛山照明	13.15	13.1
543	皖能电力	9.44	9.1
544	中原环保	10.83	11.2
545	*ST吉药	9.67	9.4
546	光华控股	12.2	12.31
547	闽福发Ａ	11.3	11.4
548	湖南投资	6.2	6.13
550	江铃汽车	24.8	25.6
551	创元科技	13.64	13.46
552	靖远煤电	16.7	16.88
553	沙隆达Ａ	8.48	8.33
554	泰山石油	10.82	10.75
555	ST 太 光	8.99	8.99
557	*ST广夏	0	7
558	莱茵置业	0	8.11
559	万向钱潮	8.19	8.2
560	昆百大Ａ	9.98	9.91
561	烽火电子	8.94	9.1
562	宏源证券	16.02	15.9
563	陕国投Ａ	10.81	10.7
564	西安民生	7.59	7.38
565	渝三峡Ａ	12.56	12.53
566	海南海药	21.19	21.49
567	海德股份	7.45	7.38
568	泸州老窖	0	45.19
570	苏常柴Ａ	8	8
571	新大洲Ａ	7.3	7.23
572	海马汽车	5.18	5.13
573	粤宏远Ａ	4.69	4.58
576	ST甘化	10.48	10.41
581	威孚高科	34.05	34.17
582	北 海 港	11.04	11.2
584	友利控股	8.1	8.2
585	东北电气	4.3	4.33
586	ST汇源	8.5	8.6
587	S*ST光明	0	12.46
589	黔轮胎Ａ	9.69	9.58
590	紫光古汉	12.53	12.7
591	桐 君 阁	7.85	7.96
592	中福实业	7.63	7.74
593	大通燃气	7.51	7.5
594	国恒铁路	0	3.91
595	*ST西轴	10.06	10.21
596	古井贡酒	72.89	72.8
597	东北制药	15.91	16.37
598	兴蓉投资	16.8	16.6
599	青岛双星	5.72	5.75
600	建投能源	5.11	5.09
601	韶能股份	4.99	4.99
602	*ST金马	31.43	31.2
603	*ST 威达	28.78	28.28
605	ST 四 环	0	13.44
606	青海明胶	9.07	9.1
607	*ST华控	5.84	5.81
608	阳光股份	5.55	5.49
609	绵世股份	11.09	11.11
610	西安旅游	10.4	9.75
611	时代科技	6.79	7
612	焦作万方	17.45	17.48
613	ST东海Ａ	5.13	5.16
615	湖北金环	7.3	7.34
616	亿城股份	4.16	4.12
617	石油济柴	18.82	18.07
619	海螺型材	8.89	8.85
623	吉林敖东	29.85	29.41
625	长安汽车	8.76	8.77
626	如意集团	12.92	13.32
627	天茂集团	4.37	4.35
628	高新发展	0	10.59
629	攀钢钒钛	11.02	11.37
630	铜陵有色	22.73	22.76
631	顺发恒业	6.3	6.25
632	三木集团	5.2	5.17
633	ST合金	10.48	10.18
635	英 力 特	18.04	17.85
636	风华高科	11.1	11.03
637	茂化实华	0	9.02
638	万方地产	9.16	8.82
639	西王食品	28.5	28.51
650	仁和药业	14.41	14.1
651	格力电器	21.01	21.38
652	泰达股份	0	7.68
655	金岭矿业	18.6	18.57
656	ST 东 源	12.85	12.91
659	珠海中富	0	10.5
661	长春高新	47.26	46.84
662	索 芙 特	7.24	7.22
663	永安林业	8.8	8.78
665	武汉塑料	12.34	12.11
666	经纬纺机	11.89	11.85
667	名流置业	3.03	3
668	荣丰控股	10.3	10.42
669	领先科技	26.81	27.3
671	阳 光 城	7.09	7.07
673	*ST当代	8.09	8.21
676	*ST思达	5.12	5.15
677	山东海龙	4.7	4.73
678	襄阳轴承	6.58	6.63
679	大连友谊	12.49	12.41
680	山推股份	19	18.75
682	东方电子	5.8	5.78
683	远兴能源	8.32	8.31
685	中山公用	16.11	15.94
686	东北证券	17.72	17.95
687	保定天鹅	6.09	6.16
690	宝新能源	5.16	5.15
691	*ST亚太	5.36	5.33
692	惠天热电	6.86	6.89
695	滨海能源	13.14	13.45
697	*ST 偏转	16.89	16.44
698	沈阳化工	9.05	8.97
700	模塑科技	6.97	6.98
701	厦门信达	10.28	10.34
702	正虹科技	7.52	7.44
703	恒逸石化	0	46.51
705	浙江震元	12.71	12.9
707	双环科技	0	8.7
708	大冶特钢	15.19	15.5
709	河北钢铁	4.35	4.31
710	天兴仪表	12.3	12.45
711	天伦置业	13.99	14.1
712	锦龙股份	14.35	14.41
713	丰乐种业	15.8	15.91
715	中兴商业	10.24	10.6
716	*ST南方	10.08	10.04
717	韶钢松山	3.75	3.72
718	苏宁环球	7.65	7.62
720	ST能山	4.29	4.34
721	西安饮食	9.97	9.34
723	美锦能源	16.25	16.22
725	京东方Ａ	3.04	3.02
726	鲁  泰Ａ	10.74	10.76
727	华东科技	11.86	11.58
728	国元证券	11.2	11.12
729	燕京啤酒	18.79	18.66
731	四川美丰	6.51	6.46
732	福建三农	10.22	10.69
733	振华科技	9.24	9.17
735	罗 牛 山	6.98	6.82
736	重庆实业	9.51	9.64
737	*ST南风	5.09	5.12
738	中航动控	12.42	12.25
739	普洛股份	9.32	9.16
748	长城信息	8.02	7.9
750	SST集琦	0	4.39
751	锌业股份	7.96	7.86
752	西藏发展	36.97	35.85
753	漳州发展	6.99	6.93
755	山西三维	10.3	10.08
756	新华制药	7.18	7.2
758	中色股份	36.39	38.02
759	中百集团	0	12.32
760	*ST博盈	7.23	7.34
761	本钢板材	6.3	6.5
762	西藏矿业	30.77	31.09
766	通化金马	7.58	7.56
767	漳泽电力	0	5.56
768	西飞国际	10.52	10.06
776	广发证券	33.12	32.51
777	中核科技	25.24	25.38
778	新兴铸管	9.94	9.95
779	三毛派神	10.55	10.54
780	平庄能源	14.61	14.89
782	美达股份	6.85	6.84
783	长江证券	10.12	10.04
785	武汉中商	0	11.55
786	北新建材	14.31	14.16
788	西南合成	0	10
789	江西水泥	13.94	13.82
790	华神集团	15.4	15.56
791	西北化工	7.23	7.28
792	盐湖股份	55.98	54.4
793	华闻传媒	0	5.68
795	太原刚玉	16.39	16.74
796	易食股份	7.36	7.43
797	中国武夷	5.74	5.72
798	中水渔业	11.45	11.37
799	酒 鬼 酒	17.82	17.6
800	一汽轿车	0	13.42
801	四川九洲	11.68	11.8
802	北京旅游	12.02	11.9
803	金宇车城	9.8	9.51
806	银河科技	4.9	4.86
807	云铝股份	10.92	11.02
809	中汇医药	22.7	22.63
810	华润锦华	0	14
811	烟台冰轮	16.44	16.42
812	陕西金叶	6.07	5.93
813	天山纺织	15.68	16
815	美利纸业	6.65	6.7
816	江淮动力	7.82	7.74
818	*ST化工	5.67	5.9
819	岳阳兴长	16.24	16.13
821	京山轻机	6.93	6.89
822	山东海化	0	9.08
823	超声电子	13.24	13.18
825	太钢不锈	5.2	5.16
826	桑德环境	23.86	23.73
828	东莞控股	5.76	5.76
829	天音控股	9.4	9.56
830	鲁西化工	6.73	6.65
833	贵糖股份	9.67	9.73
835	四川圣达	9.19	9.17
836	鑫茂科技	7.15	7.15
837	秦川发展	12.95	12.95
838	国兴地产	9.27	9.1
839	中信国安	10.24	10.28
848	承德露露	17.1	17.14
850	华茂股份	7.89	7.68
851	高鸿股份	9.9	10
852	江钻股份	13.78	13.69
856	ST唐陶	9.24	9.18
858	五 粮 液	34.65	33.5
859	国风塑业	8.05	7.99
860	顺鑫农业	17.72	18.11
861	海印股份	0	19.75
862	银星能源	12.21	12.34
868	安凯客车	10.26	10.26
869	张  裕Ａ	96.44	96.13
875	吉电股份	4.69	4.76
876	新 希 望	19.16	18.93
877	天山股份	0	35.23
878	云南铜业	20.85	20.75
880	潍柴重机	19.85	20.02
881	大连国际	11.46	11.34
882	华联股份	7.29	7.3
883	湖北能源	8	8.03
885	同力水泥	12.71	13
886	海南高速	5.07	5.05
887	中鼎股份	11.95	12.28
888	峨眉山Ａ	17.55	17.51
889	渤海物流	9.45	9.87
890	法 尔 胜	6.07	6.06
892	*ST星美	5.09	5.13
893	东凌粮油	19.71	19.98
895	双汇发展	62.96	60.59
897	津滨发展	4.64	4.6
898	鞍钢股份	6.9	6.91
899	赣能股份	6.79	6.74
900	现代投资	17.38	17.28
901	航天科技	0	13.17
902	中国服装	0	13.89
903	云内动力	7.38	6.99
905	厦门港务	7.02	7.07
906	南方建材	8.79	8.83
908	ST天一	8.6	8.63
909	数源科技	0	9.77
910	大亚科技	7.12	7.09
911	南宁糖业	17.11	17.12
912	泸 天 化	6.79	6.76
913	钱江摩托	7.65	7.72
915	山大华特	17.2	17.3
916	华北高速	3.95	3.94
917	电广传媒	0	24.4
918	嘉凯城	7.02	7.01
919	金陵药业	8.48	8.55
920	南方汇通	9.73	9.72
921	ST 科 龙	6.57	6.55
922	ST阿继	0	10.71
923	河北宣工	9.5	9.77
925	众合机电	17.01	16.9
926	福星股份	10.69	10.51
927	一汽夏利	0	7.64
928	中钢吉炭	14.32	14.13
929	兰州黄河	10.37	10.24
930	中粮生化	7.8	7.76
931	中 关 村	7.18	7.13
932	华菱钢铁	3.95	3.92
933	神火股份	14.68	14.88
935	四川双马	12.14	12.05
936	华 西 村	7.24	7.25
937	冀中能源	23.51	23.5
938	紫光股份	13.79	14.06
939	凯迪电力	20.08	20.55
948	南天信息	12.4	12.82
949	新乡化纤	7.56	7.52
950	建峰化工	0	7.78
951	中国重汽	17.89	17.86
952	广济药业	11.1	11.07
953	ST河化	7.42	7.35
955	ST欣龙	5.42	5.43
957	中通客车	8.06	8.1
958	ST东热	5.01	5.04
959	首钢股份	0	4.42
960	锡业股份	29.32	28.88
961	中南建设	9.89	9.7
962	东方钽业	23.95	23.65
963	华东医药	24.2	24.4
965	天保基建	8.89	8.88
966	长源电力	5.64	5.66
967	上风高科	8.98	8.88
968	煤 气 化	23.99	23.96
969	安泰科技	19.76	20.11
970	中科三环	20.31	20.72
971	ST迈亚	5.87	5.81
972	新 中 基	8.7	8.93
973	佛塑科技	12.39	12.37
975	科 学 城	0	9.17
976	春晖股份	6.08	6.01
977	浪潮信息	19.38	19.91
978	桂林旅游	10.98	11
979	中弘地产	0	6.73
980	金马股份	6.92	6.92
982	中银绒业	13.4	13.27
983	西山煤电	22.8	23.03
985	大庆华科	15.35	15.85
987	广州友谊	21.38	21.32
988	华工科技	18.57	18.51
989	九 芝 堂	11.56	11.7
990	诚志股份	10.97	10.72
993	闽东电力	9.47	9.35
995	ST皇台	0	17.39
996	中国中期	19.76	19.55
997	新 大 陆	14.54	14.68
998	隆平高科	26.51	26.66
999	华润三九	19.07	18.86
1696	宗申动力	7.07	7.18
1896	豫能控股	8.35	8.55
2001	新 和 成	28.66	28.3
2002	ST琼花	6.55	6.47
2003	伟星股份	18.09	18.55
2004	华邦制药	41.58	41.6
2005	德豪润达	15.9	15.7
2006	精功科技	56.87	57.03
2007	华兰生物	34	34
2008	大族激光	18.01	17.55
2009	天奇股份	15	14.86
2010	传化股份	11.22	11.02
2011	盾安环境	13.1	13.15
2012	凯恩股份	12.67	12.87
2013	中航精机	20.02	19.44
2014	永新股份	15.2	15.31
2015	霞客环保	9.78	9.89
2016	世荣兆业	7.9	7.8
2017	东信和平	16.7	16.5
2018	华星化工	7.03	6.97
2019	鑫富药业	17.59	17.52
2020	京新药业	19	18.8
2021	中捷股份	6.8	6.72
2022	科华生物	13.44	12.95
2023	海特高新	15.93	15.71
2024	苏宁电器	12.1	12.02
2025	航天电器	11.9	11.69
2026	山东威达	9.81	9.85
2027	七喜控股	6.29	6.28
2028	思源电气	13.73	13.8
2029	七 匹 狼	31.9	32.75
2030	达安基因	12.62	12.43
2031	巨轮股份	7.56	7.63
2032	苏 泊 尔	22.62	22.7
2033	丽江旅游	18.98	18.9
2034	美 欣 达	22.01	22.75
2035	华帝股份	11.12	11
2036	宜科科技	17.09	16.65
2037	久联发展	23.02	23.06
2038	双鹭药业	37.2	36.67
2039	黔源电力	19.48	19.11
2040	南 京 港	7.99	8.03
2041	登海种业	19.63	19.87
2042	华孚色纺	22.82	22.39
2043	兔 宝 宝	9.17	9.3
2044	江苏三友	10.56	10.41
2045	广州国光	7.13	7.14
2046	轴研科技	20.66	20.52
2047	成霖股份	5.76	5.69
2048	宁波华翔	11.88	12.09
2049	晶源电子	20.59	20.46
2050	三花股份	32.49	32.49
2051	中工国际	26.29	26.1
2052	同洲电子	11.21	11.17
2053	云南盐化	11.83	11.86
2054	德美化工	11.18	10.16
2055	得润电子	17.8	17.53
2056	横店东磁	0	26.61
2057	中钢天源	19.4	19.82
2058	威 尔 泰	10.07	10.3
2059	云南旅游	11.02	11
2060	粤 水 电	10.01	10.27
2061	江山化工	12.8	12.64
2062	宏润建设	10.6	10.71
2063	远光软件	17.86	18.03
2064	华峰氨纶	9.13	9.02
2065	东华软件	23.95	24.18
2066	瑞泰科技	14.94	15.08
2067	景兴纸业	7.08	7.07
2068	黑猫股份	14.5	13.18
2069	獐 子 岛	24.23	23.89
2070	众和股份	6.75	6.9
2071	江苏宏宝	12.5	12.7
2072	ST德棉	9.24	9.48
2073	软控股份	21.45	21.91
2074	东源电器	16.76	16.68
2075	沙钢股份	8.45	7.68
2076	雪 莱 特	10.04	9.62
2077	大港股份	11.68	11.57
2078	太阳纸业	10.68	10.69
2079	苏州固锝	17.53	17.59
2080	中材科技	13.37	13.68
2081	金 螳 螂	37.06	36.88
2082	栋梁新材	13.17	13
2083	孚日股份	8.13	8.37
2084	海鸥卫浴	6.35	6.3
2085	万丰奥威	13.41	13.54
2086	东方海洋	14.4	14.26
2087	新野纺织	4.96	4.9
2088	鲁阳股份	14.12	14.05
2089	新 海 宜	13.61	13.53
2090	金智科技	10.76	11.05
2091	江苏国泰	17.69	17.54
2092	中泰化学	12.41	12.35
2093	国脉科技	12.76	12.74
2094	青岛金王	15.5	15
2095	生 意 宝	14.82	15.17
2096	南岭民爆	32.5	33
2097	山河智能	13.11	13.22
2098	浔兴股份	12.4	12.53
2099	海翔药业	22.45	22.49
2100	天康生物	12.75	12.75
2101	广东鸿图	17.49	18.88
2102	冠福家用	9.3	9.3
2103	广博股份	7.97	8.02
2104	恒宝股份	11.5	11.73
2105	信隆实业	6.93	6.88
2106	莱宝高科	28.33	28.2
2107	沃华医药	12.16	12.03
2108	沧州明珠	8.78	8.6
2109	兴化股份	9.94	10.12
2110	三钢闽光	9.18	9.21
2111	威海广泰	19.47	19.12
2112	三变科技	13.37	12.49
2113	*ST天润	8.12	8.1
2114	罗平锌电	14.4	14.09
2115	三维通信	15.19	15.2
2116	中国海诚	18	18.3
2117	东港股份	17.15	17.47
2118	紫鑫药业	18.46	18.09
2119	康强电子	10.04	10.08
2120	新海股份	10.26	10.6
2121	科陆电子	14.83	14.92
2122	天马股份	12.3	12.32
2123	荣信股份	21.85	21.55
2124	天邦股份	9.46	9.3
2125	湘潭电化	21.15	21.66
2126	银轮股份	17.8	17.85
2127	新民科技	11.41	11.71
2128	露天煤业	20.79	21.1
2129	中环股份	17.97	17.91
2130	沃尔核材	15.2	15.59
2131	利欧股份	16.3	16.87
2132	恒星科技	12.28	11.89
2133	广宇集团	5.58	5.56
2134	天津普林	8.74	8.9
2135	东南网架	8.65	8.72
2136	安 纳 达	24.8	23.96
2137	实 益 达	10.44	10.06
2138	顺络电子	20.29	20.09
2139	拓邦股份	16.8	16.89
2140	东华科技	24.85	25.3
2141	蓉胜超微	7.69	7.64
2142	宁波银行	10.97	11.01
2143	高金食品	8.89	8.93
2144	宏达高科	13.24	13.2
2145	*ST钛白	8.7	8.54
2146	荣盛发展	8.62	8.72
2147	方圆支承	14.5	14.5
2148	北纬通信	16.43	16.52
2149	西部材料	18.2	18.16
2150	江苏通润	9.8	8.91
2151	北斗星通	27.78	26.42
2152	广电运通	30	29.61
2153	石基信息	36.92	37.4
2154	报 喜 鸟	13.23	12.89
2155	辰州矿业	31.7	32.21
2156	通富微电	7.35	7.35
2157	正邦科技	10.36	9.98
2158	汉钟精机	21.68	21.43
2159	三特索道	14	14.2
2160	常铝股份	14.74	14.37
2161	远 望 谷	20.56	20.83
2162	斯 米 克	10.85	10.96
2163	中航三鑫	7.89	7.74
2164	东力传动	9.28	9.43
2165	红 宝 丽	14.08	14.08
2166	莱茵生物	20.85	21.39
2167	东方锆业	36.09	36.18
2168	深圳惠程	0	17.88
2169	智光电气	9.64	9.84
2170	芭田股份	9.17	9.07
2171	精诚铜业	17.75	17.54
2172	澳洋科技	7.35	7.29
2173	山 下 湖	13.65	14.13
2174	梅 花 伞	13.42	13.54
2175	广陆数测	13.36	13.33
2176	江特电机	21.18	21.8
2177	御银股份	11.06	11
2178	延华智能	11.56	11.9
2179	中航光电	19.15	19.25
2180	万 力 达	30.29	30.46
2181	粤 传 媒	11.23	11.04
2182	云海金属	13.02	12.94
2183	怡 亚 通	7.03	6.89
2184	海得控制	11.5	11.26
2185	华天科技	10.69	10.53
2186	全 聚 德	27.57	27.4
2187	广百股份	14.92	15.09
2188	新 嘉 联	10.47	10.19
2189	利达光电	14.05	14.03
2190	成飞集成	26.58	27.01
2191	劲嘉股份	8.36	8.4
2192	路翔股份	18.03	18.42
2193	山东如意	13.21	13.7
2194	武汉凡谷	11	11.04
2195	海隆软件	17.03	17.33
2196	方正电机	15.07	15.06
2197	证通电子	20.38	20.6
2198	嘉应制药	10.96	11.21
2199	东晶电子	16.39	16.28
2200	*ST大地	11.41	11.53
2201	九鼎新材	9.24	9.19
2202	金风科技	15.24	15.25
2203	海亮股份	13.92	13.88
2204	华锐铸钢	32.75	32.46
2205	国统股份	21.48	21.71
2206	海 利 得	12.66	12.49
2207	准油股份	14.18	14.16
2208	合肥城建	8.81	8.67
2209	达 意 隆	9.34	9.43
2210	飞马国际	9.26	9.57
2211	宏达新材	11.25	11.32
2212	南洋股份	8.16	8.06
2213	特 尔 佳	13.29	12.73
2214	大立科技	38.99	38.99
2215	诺 普 信	24.47	24.01
2216	三全食品	34.83	34.78
2217	联合化工	10.89	10.71
2218	拓日新能	14.08	13.86
2219	独 一 味	0	15.91
2220	天宝股份	16.9	16.81
2221	东华能源	9.16	9.26
2222	福晶科技	8.72	8.66
2223	鱼跃医疗	24.6	25.08
2224	三 力 士	0	10.22
2225	濮耐股份	12.6	12.51
2226	江南化工	26.77	26.81
2227	奥 特 迅	23.25	23.33
2228	合兴包装	7.64	7.84
2229	鸿博股份	13.89	14
2230	科大讯飞	37.7	38.3
2231	奥维通信	11.95	11.81
2232	启明信息	10.38	10.37
2233	塔牌集团	8.44	8.6
2234	民和股份	22.7	22.48
2235	安妮股份	11.15	11.3
2236	大华股份	40.44	40.71
2237	恒邦股份	40.23	40.75
2238	天威视讯	17.39	17.5
2239	金 飞 达	8.15	8.2
2240	威华股份	7.25	7.35
2241	歌尔声学	21.65	21.97
2242	九阳股份	13.18	13.08
2243	通产丽星	14.21	14.11
2244	滨江集团	11.58	11.58
2245	澳洋顺昌	8.16	8.19
2246	北化股份	15.08	14.82
2247	帝龙新材	15.86	16.22
2248	华东数控	16.08	16.47
2249	大洋电机	22.49	22.68
2250	联化科技	0	31.52
2251	步 步 高	23.37	22.82
2252	上海莱士	0	24.06
2253	川大智胜	39.52	37.41
2254	烟台氨纶	17.22	16.95
2255	海陆重工	30.1	29.96
2256	彩虹精化	0	22.17
2258	利尔化学	14.63	14.61
2259	升达林业	7.01	7.43
2260	伊 立 浦	11.08	11.21
2261	拓维信息	18.48	18.99
2262	恩华药业	18.44	18.58
2263	大 东 南	10.09	10.12
2264	新 华 都	22.6	23
2265	西仪股份	10.51	10.16
2266	浙富股份	36.5	36.67
2267	陕天然气	17.8	18.17
2268	卫 士 通	15.96	16.11
2269	美邦服饰	29.8	30.9
2270	法因数控	14.27	14.2
2271	东方雨虹	32.43	32.17
2272	川润股份	11.71	11.86
2273	水晶光电	34.59	34.76
2274	华昌化工	10.74	10.2
2275	桂林三金	16.28	16.23
2276	万马电缆	0	13.53
2277	友阿股份	21.3	21.55
2278	神开股份	10.99	11.01
2279	久其软件	18.94	19.3
2280	新世纪	17.4	17.2
2281	光迅科技	34.85	35.54
2282	博深工具	14.59	14.25
2283	天润曲轴	12.55	12.42
2284	亚太股份	11.26	11.4
2285	世联地产	17.95	17.98
2286	保龄宝	18.32	18.4
2287	奇正藏药	20.1	20.03
2288	超华科技	14.75	14.54
2289	宇顺电子	21.95	22.15
2290	禾盛新材	20.8	20.79
2291	星期六	10.01	9.93
2292	奥飞动漫	17.93	18.09
2293	罗莱家纺	75.99	76.12
2294	信立泰	35.15	35.24
2295	精艺股份	10.68	10.66
2296	辉煌科技	28.8	29.46
2297	博云新材	17.23	17.15
2298	鑫龙电器	12.22	12.39
2299	圣农发展	16.66	16.47
2300	太阳电缆	11.43	11.66
2301	齐心文具	13.83	13.92
2302	西部建设	17.95	17.75
2303	美盈森	34.51	34.71
2304	洋河股份	110	111.38
2305	南国置业	5.83	5.73
2306	湘鄂情	17.94	18.2
2307	北新路桥	15.57	15.7
2308	威创股份	11.3	11.27
2309	中利科技	24.63	24.74
2310	东方园林	87.19	89.1
2311	海大集团	14.93	14.6
2312	三泰电子	13.97	13.77
2313	日海通讯	41.26	41
2314	雅致股份	14.67	14.61
2315	焦点科技	47.6	47.73
2316	键桥通讯	14.98	14.8
2317	众生药业	22.89	22.78
2318	久立特材	17.49	17.26
2319	乐通股份	15.37	15.47
2320	海峡股份	17.05	17.69
2321	华英农业	18.48	18.52
2322	理工监测	45.99	47
2323	中联电气	23.2	23.03
2324	普利特	14.77	15
2325	洪涛股份	31.82	31.65
2326	永太科技	25.7	26.06
2327	富安娜	38.36	38.99
2328	新朋股份	15.31	15.33
2329	皇氏乳业	17.39	17.38
2330	得利斯	13.59	13.3
2331	皖通科技	13.15	13.31
2332	仙琚制药	13.55	13.52
2333	罗普斯金	11.88	11.82
2334	英威腾	48.28	47.64
2335	科华恒盛	19.31	19.2
2336	人人乐	18.45	18.44
2337	赛象科技	13.66	13.64
2338	奥普光电	45	46.71
2339	积成电子	24.43	24.6
2340	格林美	22.24	23.1
2341	新纶科技	19.39	19.37
2342	巨力索具	20.13	19.97
2343	禾欣股份	12.9	13.32
2344	海宁皮城	20.53	20.95
2345	潮宏基	24.28	24.49
2346	柘中建设	20.15	19.71
2347	泰尔重工	20.47	20.5
2348	高乐股份	11.6	11.81
2349	精华制药	23.35	24.09
2350	北京科锐	17.97	18.14
2351	漫步者	0	11.81
2352	鼎泰新材	22.85	23.07
2353	杰瑞股份	58.18	58.48
2354	科冕木业	15	15.28
2355	兴民钢圈	13.98	14.21
2356	浩宁达	24.05	24.62
2357	富临运业	0	10.21
2358	森源电气	33.75	33.81
2359	齐星铁塔	11.86	11.7
2360	同德化工	0	18.76
2361	神剑股份	11.14	10.32
2362	汉王科技	27.85	25.7
2363	隆基机械	15.74	15.86
2364	中恒电气	15.32	15.78
2365	永安药业	13.97	14.22
2366	丹甫股份	12.94	13
2367	康力电梯	15.34	15.19
2368	太极股份	18.16	18.48
2369	卓翼科技	15.77	16
2370	亚太药业	21.72	20.8
2371	七星电子	65.13	67.01
2372	伟星新材	16.74	16.59
2373	联信永益	19.62	19.8
2374	丽鹏股份	16.3	16.2
2375	亚厦股份	28.98	29.36
2376	新北洋	17.14	17.1
2377	国创高新	16.18	16.2
2378	章源钨业	30.7	32.1
2379	鲁丰股份	15.15	15.34
2380	科远股份	35.7	35.8
2381	双箭股份	16.79	16.78
2382	蓝帆股份	18.1	17.7
2383	合众思壮	30.69	29.82
2384	东山精密	32.2	33.39
2385	大北农	32.39	32.03
2386	天原集团	13.29	13.15
2387	黑牛食品	14.73	14.91
2388	新亚制程	11.31	11.51
2389	南洋科技	24.01	24.25
2390	信邦制药	14.8	15.02
2391	长青股份	17.14	17.2
2392	北京利尔	22.2	22.51
2393	力生制药	38.79	38.75
2394	联发股份	17.7	17.86
2395	双象股份	22.83	22.82
2396	星网锐捷	29.02	28.95
2397	梦洁家纺	42.25	42.08
2398	建研集团	16.91	17.13
2399	海普瑞	31.61	31.6
2400	省广股份	18.72	18.51
2401	交技发展	34.19	33.67
2402	和而泰	16.3	16.66
2403	爱仕达	13.19	13.28
2404	嘉欣丝绸	11.71	11.95
2405	四维图新	30.29	29.6
2406	远东传动	15.29	15.38
2407	多氟多	42.67	43.7
2408	齐翔腾达	29.73	29.52
2409	雅克科技	32.39	33
2410	广联达	32.29	32.43
2411	九九久	24.28	25
2412	汉森制药	20.11	20.34
2413	常发股份	22.4	22.7
2414	高德红外	19.12	19.28
2415	海康威视	35.65	35.55
2416	爱施德	29.18	29.19
2417	三元达	14.71	15.55
2418	康盛股份	10.11	10.44
2419	天虹商场	21.4	21.12
2420	毅昌股份	10.18	9.78
2421	达实智能	18.99	17.98
2422	科伦药业	55.3	55.8
2423	中原特钢	9.3	8.45
2424	贵州百灵	37.28	37.3
2425	凯撒股份	20.51	20.7
2426	胜利精密	10.74	10.89
2427	尤夫股份	15.77	15.78
2428	云南锗业	46.12	47.61
2429	兆驰股份	17.3	17.9
2430	杭氧股份	19.2	19.05
2431	棕榈园林	27.2	27.3
2432	九安医疗	11.3	11.34
2433	太安堂	23.68	24.25
2434	万里扬	27.88	27.9
2435	长江润发	14	14.28
2436	兴森科技	22.97	22
2437	誉衡药业	22.9	23.48
2438	江苏神通	22.52	22.76
2439	启明星辰	33.8	33.58
2440	闰土股份	27.38	27.19
2441	众业达	17.88	17.55
2442	龙星化工	10.6	10.06
2443	金洲管道	13.59	13.72
2444	巨星科技	14.91	14.95
2445	中南重工	26.21	26.22
2446	盛路通信	17.5	17.72
2447	壹桥苗业	52.99	52.88
2448	中原内配	30.19	30.69
2449	国星光电	23.6	23.39
2450	康得新	19.11	19.83
2451	摩恩电气	13.68	13.8
2452	长高集团	19.9	20.07
2453	天马精化	34.15	33.49
2454	松芝股份	16.75	17
2455	百川股份	14.83	15.07
2456	欧菲光	25.72	25.01
2457	青龙管业	16.86	17.13
2458	益生股份	21.7	21.9
2459	天业通联	14.03	14.2
2460	赣锋锂业	26.53	26.82
2461	珠江啤酒	16.65	16.44
2462	嘉事堂	16.1	16.21
2463	沪电股份	11.1	11.25
2464	金利科技	18.2	18.3
2465	海格通信	28.59	27.88
2466	天齐锂业	0	29.97
2467	二六三	25.54	25.65
2468	艾迪西	13.21	13.35
2469	三维工程	25.18	25.39
2470	金正大	17.17	17.29
2471	中超电缆	13.02	13.46
2472	双环传动	18.87	19.12
2473	圣莱达	11.3	11.45
2474	榕基软件	37.42	37.21
2475	立讯精密	32.8	32.1
2476	宝莫股份	15.32	15.05
2477	雏鹰农牧	29.96	28.99
2478	常宝股份	14.9	15.3
2479	富春环保	16.78	17.28
2480	新筑股份	26.47	26.54
2481	双塔食品	25.76	25.56
2482	广田股份	29.97	29.74
2483	润邦股份	13.21	13.42
2484	江海股份	23.99	24.19
2485	希努尔	21.05	21.3
2486	嘉麟杰	14.05	14.15
2487	大金重工	23.35	23.22
2488	金固股份	11.96	12.02
2489	浙江永强	29.73	29.93
2490	山东墨龙	15.17	15.29
2491	通鼎光电	15.34	15.34
2492	恒基达鑫	15.99	16.47
2493	荣盛石化	28.39	29.2
2494	华斯股份	21.49	21.48
2495	佳隆股份	11.83	11.97
2496	辉丰股份	20.66	21.29
2497	雅化集团	16.27	16.37
2498	汉缆股份	28.4	28.2
2499	科林环保	27.4	27.8
2500	山西证券	8.75	8.75
2501	利源铝业	19.9	19.9
2502	骅威股份	23.6	23.55
2503	搜于特	33.1	32.82
2504	东光微电	18.4	18.67
2505	大康牧业	16.22	16.05
2506	超日太阳	18.06	18.15
2507	涪陵榨菜	17.96	18.05
2508	老板电器	15.56	15.51
2509	天广消防	22.22	22.13
2510	天汽模	15.36	15.39
2511	中顺洁柔	26.34	26.5
2512	达华智能	25.6	25.89
2513	蓝丰生化	35.52	36.3
2514	宝馨科技	26.23	26.2
2515	金字火腿	27.14	26.79
2516	江苏旷达	13.1	13.39
2517	泰亚股份	17.68	17.4
2518	科士达	25.96	26.32
2519	银河电子	16.14	16.2
2520	日发数码	28.2	28.5
2521	齐峰股份	17.35	18.09
2522	浙江众成	18.9	19
2523	天桥起重	15.51	15.68
2524	光正钢构	13.46	13.68
2526	山东矿机	22.68	22.28
2527	新时达	20.2	20.16
2528	英飞拓	0	33.06
2529	海源机械	16.42	16.62
2530	丰东股份	14.44	14.44
2531	天顺风能	18.73	19.02
2532	新界泵业	18.48	19.03
2533	金杯电工	11.98	12.08
2534	杭锅股份	21.35	20.84
2535	林州重机	15.36	15.7
2536	西泵股份	25.23	25.37
2537	海立美达	26.68	26.92
2538	司尔特	19.98	20.18
2539	新都化工	27.5	27.42
2540	亚太科技	18.61	18.86
2541	鸿路钢构	37.37	37.32
2542	中化岩土	21.04	21.68
2543	万和电气	23.18	23.26
2544	杰赛科技	14.53	14.52
2545	东方铁塔	27.8	28.2
2546	新联电子	36.81	36.76
2547	春兴精工	15.22	15.25
2548	金新农	19.76	20.72
2549	凯美特气	40	40.28
2550	千红制药	25.72	26.17
2551	尚荣医疗	39.03	39.92
2552	宝鼎重工	19.56	19.45
2553	南方轴承	21.3	21.36
2554	惠博普	18.06	18.76
2555	顺荣股份	27.58	27.54
2556	辉隆股份	18.9	17.95
2557	洽洽食品	29.99	29.11
2558	世纪游轮	25.53	26.03
2559	亚威股份	28.62	29.36
2560	通达股份	16.64	17.01
2561	徐家汇	15.6	16.16
2562	兄弟科技	19.54	19.52
2563	森马服饰	51.22	52.12
2564	张化机	19.39	19.41
2565	上海绿新	24.42	25
2566	益盛药业	30.5	30.9
2567	唐人神	22.57	22.62
2568	百润股份	20.56	21.05
2569	步森股份	17.09	17.52
2570	贝因美	35.24	35.2
2571	德力股份	22.82	22.65
2572	宁基股份	74.65	74.61
2573	国电清新	33.2	33.5
2574	明牌珠宝	24.85	25.2
2575	群兴玩具	16.71	17.05
2576	通达动力	17.32	17.6
2577	雷柏科技	28.16	28.3
2578	闽发铝业	13.6	13.53
2579	中京电子	15.39	15.7
2580	圣阳股份	21.5	21.81
2581	万昌科技	18.5	18.07
2582	好想你	53.9	54
2583	海能达	15.58	15.27
2584	西陇化工	13.36	13
2585	双星新材	42.5	44.17
2586	围海股份	20.71	21.11
2587	N奥拓电	17.18	16
2588	N史丹利	31.07	35
2589	N瑞康	24.44	20
2590	N万安	18.43	15.6
2591	恒大高新	0	20
300001	特锐德	21.3	21.92
300002	神州泰岳	29	29.35
300003	乐普医疗	19.58	19.75
300004	南风股份	22.82	22.75
300005	探路者	15.07	14.81
300006	莱美药业	37.8	37
300007	汉威电子	16.98	16.91
300008	上海佳豪	17.66	17.53
300009	安科生物	11.48	11.6
300010	立思辰	13.63	13.86
300011	鼎汉技术	0	25.1
300012	华测检测	15.65	15.65
300013	新宁物流	12.55	12.7
300014	亿纬锂能	13.74	14
300015	爱尔眼科	30.7	31.5
300016	北陆药业	10.48	10.5
300017	网宿科技	12.97	13.03
300018	中元华电	14.13	14.45
300019	硅宝科技	16.4	16.63
300020	银江股份	11.77	11.92
300021	大禹节水	10.15	10.3
300022	吉峰农机	11.24	11.42
300023	宝德股份	12.33	12.43
300024	机器人	22.75	22.8
300025	华星创业	14.87	15
300026	红日药业	26.1	26.43
300027	华谊兄弟	14.57	14.4
300028	金亚科技	8.4	8.33
300029	天龙光电	23.2	23.25
300030	阳普医疗	11.38	11.61
300031	宝通带业	14.97	14.22
300032	金龙机电	24.19	23.6
300033	同花顺	22.17	22.33
300034	钢研高纳	16.41	15.51
300035	中科电气	18.35	18.18
300036	超图软件	27.17	26.8
300037	新宙邦	36.18	36.15
300038	梅泰诺	15.14	15.49
300039	上海凯宝	21.95	22.31
300040	九洲电气	14.15	14.06
300041	回天胶业	33	32.2
300042	朗科科技	20.91	21.1
300043	星辉车模	15.1	15.35
300044	赛为智能	15.5	16
300045	华力创通	40.88	39.98
300046	台基股份	19.71	19.59
300047	天源迪科	13.11	13.14
300048	合康变频	19.11	19.32
300049	福瑞股份	14.77	14.65
300050	世纪鼎利	23.7	23.96
300051	三五互联	10.69	10.77
300052	中青宝	14.09	14.22
300053	欧比特	10.37	10.31
300054	鼎龙股份	49.95	50.78
300055	万邦达	50.3	50.56
300056	三维丝	29.3	29.5
300057	万顺股份	10.27	10.36
300058	蓝色光标	0	31.35
300059	东方财富	22.24	22.5
300061	康耐特	17.17	17.22
300062	中能电气	12.9	12.83
300063	天龙集团	17.41	17.8
300064	豫金刚石	17.2	17.07
300065	海兰信	36.31	35.05
300066	三川股份	17.3	17.3
300067	安诺其	10.2	10.05
300068	南都电源	15.09	15.36
300069	金利华电	19.75	19.67
300070	碧水源	36.29	37.8
300071	华谊嘉信	12.4	12.47
300072	三聚环保	12.92	13
300073	当升科技	14.24	14.24
300074	华平股份	22.48	22.61
300075	数字政通	22.29	22.28
300076	宁波GQY	15.79	15.88
300077	国民技术	26.6	27.47
300078	中瑞思创	19.41	20
300079	数码视讯	20.74	20.87
300080	新大新材	40.71	41.33
300081	恒信移动	19.61	19.84
300082	奥克股份	27.2	27.02
300083	劲胜股份	27.07	27.41
300084	海默科技	29.04	29.03
300085	银之杰	11.89	12.13
300086	康芝药业	17.13	16.94
300087	荃银高科	16.87	17
300088	长信科技	18.26	18.2
300089	长城集团	14.77	14.86
300090	盛运股份	10.61	10.95
300091	金通灵	16.5	17.05
300092	科新机电	15.9	16.55
300093	金刚玻璃	23.93	23.68
300094	国联水产	10.16	10.22
300095	华伍股份	19.27	18.54
300096	易联众	28.49	29
300097	智云股份	18.39	18.24
300098	高新兴	23.65	23.59
300099	尤洛卡	29.99	31.08
300100	双林股份	17.23	17.88
300101	国腾电子	26.2	25.25
300102	乾照光电	30.04	30.08
300103	达刚路机	14.51	14.7
300104	乐视网	22.47	22.14
300105	龙源技术	47.8	48.5
300106	西部牧业	14.95	15.17
300107	建新股份	18.21	18.19
300108	双龙股份	25.43	25.61
300109	新开源	18.26	18.57
300110	华仁药业	13.81	13.8
300111	向日葵	20.18	20.48
300112	万讯自控	12.33	12.44
300113	顺网科技	23.5	23.68
300114	中航电测	18.16	17.96
300115	长盈精密	23.8	23.8
300116	坚瑞消防	18.65	18.3
300117	嘉寓股份	13.08	12.9
300118	东方日升	21.73	21.53
300119	瑞普生物	20.91	21.32
300120	经纬电材	14.24	14.23
300121	阳谷华泰	13.7	13.65
300122	智飞生物	28.51	28.2
300123	太阳鸟	18.41	18.19
300124	汇川技术	70.18	69.66
300125	易世达	25.47	25
300126	锐奇股份	13.9	13.95
300127	银河磁体	16.99	17.21
300128	锦富新材	17.5	17.8
300129	泰胜风能	13.44	13.62
300130	新国都	19.45	19.3
300131	英唐智控	19.27	18.92
300132	青松股份	15.16	15.01
300133	华策影视	37.79	38.05
300134	大富科技	56.18	55.68
300135	宝利沥青	15.18	15.5
300136	信维通信	19.1	19.58
300137	先河环保	14.7	15.05
300138	晨光生物	28.73	29.02
300139	福星晓程	46.89	46.4
300140	启源装备	14.5	14.53
300141	和顺电气	26.33	26.59
300142	沃森生物	55.22	55.81
300143	星河生物	20.8	21.1
300144	宋城股份	19.96	20.01
300145	南方泵业	17.32	17.32
300146	汤臣倍健	49.5	49
300147	香雪制药	13.33	13.28
300148	天舟文化	13.01	13.15
300149	量子高科	12.79	12.38
300150	世纪瑞尔	27.94	27.1
300151	昌红科技	14.71	14.9
300152	燃控科技	27.11	28.02
300153	科泰电源	12.31	12.51
300154	瑞凌股份	14.81	14.99
300155	安居宝	11.82	11.95
300156	天立环保	24.56	25.05
300157	恒泰艾普	28.07	28.04
300158	振东制药	30.17	30
300159	新研股份	34.4	34.14
300160	秀强股份	30.71	30.58
300161	华中数控	0	29.47
300162	雷曼光电	24.12	24.23
300163	先锋新材	19.94	20.02
300164	通源石油	28.48	28.91
300165	天瑞仪器	24.19	24.2
300166	东方国信	42.38	42.17
300167	迪威视讯	23.45	23.2
300168	万达信息	20.51	20.4
300169	天晟新材	27.95	27.1
300170	汉得信息	16.17	16.1
300171	东富龙	40.91	40.2
300172	中电环保	18.84	19.2
300173	松德股份	13.35	13.55
300174	元力股份	23.83	23.85
300175	朗源股份	16.38	16.35
300176	鸿特精密	15.3	15.41
300177	中海达	38.2	37.71
300178	腾邦国际	18.29	18.34
300179	四方达	25.5	25.5
300180	华峰超纤	15	15.1
300181	佐力药业	19.64	19.82
300182	捷成股份	28.5	28.71
300183	东软载波	43.8	43.02
300184	力源信息	17.22	17.52
300185	通裕重工	16.26	16.7
300186	大华农	15.2	16.27
300187	永清环保	48.91	50.01
300188	美亚柏科	37.79	37.29
300189	神农大丰	19.79	20.1
300190	维尔利	49	49.48
300191	潜能恒信	32.84	31.88
300192	科斯伍德	17.56	17.66
300193	佳士科技	18.72	19.17
300194	福安药业	31.42	31.33
300195	长荣股份	38.98	38.47
300196	长海股份	15	15.29
300197	铁汉生态	61.61	62.4
300198	纳川股份	25.79	26.16
300199	翰宇药业	33.5	33.08
300200	高盟新材	0	16.88
300201	海伦哲	17.28	17.38
300202	聚龙股份	23.71	23.1
300203	聚光科技	15.28	15.21
300204	舒泰神	39.46	39.4
300205	天喻信息	32.21	32.93
300206	理邦仪器	33.25	33.2
300207	欣旺达	15.33	15.35
300208	恒顺电气	19.05	19.32
300209	天泽信息	25.18	25.56
300210	森远股份	20.22	20.04
300211	亿通科技	25.38	25.2
300212	易华录	26.15	25.93
300213	佳讯飞鸿	17.47	17.51
300214	日科化学	19.74	19.3
300215	电科院	80.51	75.7
300216	千山药机	32.45	31.62
300217	东方电热	24.72	24.28
300218	安利股份	16.35	16.32
300219	鸿利光电	16.02	16.12
300220	金运激光	29.72	29.86
300221	银禧科技	15.51	15.45
300222	科大智能	28.75	28.6
300223	北京君正	39.47	39.09
300224	正海磁材	22.44	23.15
300225	金力泰	25.72	26.2
300226	上海钢联	27.92	29.5
300227	光韵达	15.72	15.57
300228	富瑞特装	27.8	28.87
